1 0.015989583333333335 0.7279513888888889 0.03197916666666667 0.11527777777777785
1 0.13956597222222222 0.8656481481481482 0.07003472222222222 0.06188657407407412
1 0.3875347222222222 0.9542766203703703 0.37263888888888885 0.09144675925925938
1 0.4806423611111111 0.9883217592592594 0.21197916666666677 0.02335648148148124
1 0.07625 0.618923611111111 0.1525 0.19722222222222213
1 0.5365798611111111 0.8967766203703704 0.33322916666666663 0.20644675925925923
0 0.39690972222222226 0.6556018518518518 0.7624652777777777 0.6053819444444443
1 0.25753472222222223 0.4502083333333333 0.35753472222222227 0.2895833333333334
0 0.4807291666666667 0.5447916666666667 0.7479166666666666 0.5826736111111112
1 0.5316840277777778 0.4695833333333333 0.5745486111111111 0.43508101851851855
1 0.2184548611111111 0.23745949074074071 0.1370486111111111 0.1282754629629629
1 0.3073611111111111 0.2497685185185185 0.16038194444444445 0.12497685185185184
1 0.5889409722222222 0.46280671296296294 0.1794791666666667 0.14171296296296293
1 0.7417187500000001 0.593113425925926 0.0875694444444445 0.07853009259259273
1 0.8624479166666668 0.6871006944444444 0.11131944444444457 0.09398148148148149
1 0.568125 0.4138541666666667 0.5620486111111112 0.43434027777777773
1 0.5258680555555555 0.30887152777777777 0.5766319444444445 0.45861111111111114
1 0.47171874999999996 0.17580439814814813 0.40343750000000006 0.3188310185185185
1 0.6218055555555555 0.21598958333333335 0.568888888888889 0.3910532407407407
1 0.7001388888888889 0.21124421296296295 0.28583333333333344 0.2229166666666666
1 0.8869097222222223 0.46638310185185183 0.21180555555555572 0.19200231481481483
1 0.8592708333333334 0.5484490740740741 0.2644444444444446 0.24349537037037033
1 0.9395312499999999 0.4217824074074074 0.10725694444444471 0.12182870370370366