1 0.3564525462962963 0.985150462962963 0.06261574074074075 0.029699074074073906
1 0.15457175925925926 0.8058449074074074 0.25960648148148147 0.27418981481481486
1 0.08981481481481482 0.7201562499999999 0.1326388888888889 0.17156249999999992
1 0.619357638888889 0.9586979166666666 0.2166087962962962 0.08260416666666685
1 0.16215277777777778 0.6316782407407407 0.28935185185185186 0.31960648148148146
0 0.46412037037037035 0.6815335648148148 0.7974537037037036 0.6100810185185186
1 0.707957175925926 0.7614641203703704 0.375636574074074 0.29197916666666685
0 0.5409143518518518 0.5660358796296296 0.7825810185185185 0.587372685185185
1 0.5943576388888889 0.4935879629629629 0.6023726851851852 0.4363773148148148
1 0.9254050925925925 0.7392708333333333 0.14363425925925916 0.13167824074074092
1 0.881712962962963 0.654050925925926 0.16678240740740727 0.12525462962962947
1 0.5805266203703704 0.43586226851851856 0.1877314814814813 0.14364583333333342
1 0.4047164351851852 0.31942708333333336 0.09021990740740744 0.07862268518518523
1 0.27421875 0.22672453703703704 0.11736111111111107 0.09582175925925922
1 0.6360821759259259 0.4414930555555555 0.5883680555555555 0.4371064814814815
1 0.7231481481481481 0.4527951388888889 0.5537037037037038 0.46292824074074074
1 0.8461226851851851 0.46314236111111107 0.30775462962962974 0.3359837962962963
1 0.7638020833333334 0.3194039351851852 0.47239583333333324 0.43596064814814817
1 0.7826099537037037 0.2513946759259259 0.2998263888888889 0.22356481481481483
1 0.47010995370370373 0.12763888888888889 0.24421296296296297 0.19532407407407404
1 0.4036747685185185 0.18606481481481482 0.2835648148148149 0.2475462962962963
1 0.49053819444444446 0.06882523148148148 0.15920138888888893 0.08894675925925925