1 0.09056134259259259 0.07986111111111112 0.06575231481481483 0.15972222222222224
1 0.03954861111111111 0.2978472222222222 0.045787037037037036 0.0706944444444444
1 0.017789351851851855 0.5934895833333333 0.03557870370370371 0.4286458333333334
1 0.16021412037037036 0.04782986111111111 0.060821759259259256 0.09565972222222222
1 0.024386574074074074 0.6821354166666667 0.04877314814814815 0.23260416666666667
1 0.23087962962962966 0.10755208333333335 0.1418171296296296 0.20447916666666668
1 0.12728587962962962 0.6809375 0.22640046296296293 0.3205902777777778
0 0.34153935185185186 0.428203125 0.2844212962962963 0.85640625
1 0.47111111111111115 0.21546875000000001 0.14287037037037037 0.39802083333333327
0 0.47818287037037044 0.45078125 0.2592824074074073 0.8510416666666668
1 0.5675868055555555 0.46163194444444444 0.17275462962962962 0.6693055555555556
1 0.6505034722222222 0.08578125 0.08978009259259245 0.13350694444444444
1 0.6753472222222222 0.1689409722222222 0.053761574074074045 0.18184027777777775
1 0.5966435185185185 0.5079340277777777 0.06530092592592603 0.20263888888888887
1 0.5418229166666666 0.6991840277777778 0.04942129629629619 0.08802083333333321
1 0.506267361111111 0.8458854166666667 0.05190972222222214 0.11934027777777771
1 0.6337152777777778 0.46805555555555556 0.18607638888888883 0.6449305555555556
1 0.711099537037037 0.3842534722222222 0.218888888888889 0.6463888888888889
1 0.818107638888889 0.2749479166666667 0.18304398148148165 0.4372569444444445
1 0.8591377314814815 0.41746527777777775 0.18640046296296298 0.6558680555555556
1 0.8725405092592592 0.4917708333333334 0.0985995370370368 0.3258333333333333
1 0.7212615740740741 0.77859375 0.10423611111111128 0.2527430555555556
1 0.9676099537037036 0.12708333333333335 0.058206018518518476 0.12118055555555554
1 0.6321296296296296 0.7848958333333333 0.1564004629629629 0.27534722222222213
1 0.7880729166666667 0.8146354166666667 0.0627199074074074 0.16819444444444437