1 0.056134259259259266 0.7810185185185186 0.03983796296296296 0.16608796296296297
1 0.052320601851851854 0.5566840277777778 0.05035879629629629 0.06788194444444447
1 0.061105324074074076 0.2586689814814815 0.09251157407407407 0.4291666666666667
1 0.11135416666666667 0.8357118055555557 0.048263888888888884 0.11781250000000014
1 0.11897569444444445 0.18353587962962964 0.0679976851851852 0.22739583333333338
1 0.1992650462962963 0.782025462962963 0.12222222222222223 0.18916666666666657
1 0.2424710648148148 0.2129803240740741 0.19335648148148143 0.29638888888888887
0 0.38870949074074074 0.5000983796296297 0.18601851851851858 0.8474189814814814
1 0.4624594907407408 0.7312152777777777 0.09681712962962977 0.3917592592592595
0 0.5282581018518518 0.5074131944444444 0.1625 0.8455092592592592
1 0.6186689814814815 0.5170196759259259 0.09421296296296297 0.6727546296296296
1 0.6037384259259259 0.8925289351851852 0.0767129629629629 0.12447916666666678
1 0.6507928240740741 0.8199016203703703 0.03283564814814817 0.18159722222222213
1 0.658912037037037 0.47889467592592594 0.043182870370370455 0.20048611111111114
1 0.6535532407407407 0.28507523148148145 0.04179398148148152 0.08336805555555556
1 0.6553125 0.1380613425925926 0.03872685185185176 0.1145486111111111
1 0.6847800925925925 0.5254224537037037 0.11134259259259274 0.6417824074074074
1 0.7405844907407408 0.6215451388888888 0.14555555555555558 0.6391666666666665
1 0.8176215277777779 0.7501909722222223 0.13445601851851877 0.42510416666666656
1 0.893130787037037 0.6231944444444445 0.11034722222222229 0.6526967592592593
1 0.9255439814814814 0.554693287037037 0.06043981481481495 0.32252314814814814
1 0.8494675925925925 0.24855324074074076 0.07686342592592581 0.24782407407407403
1 0.9393576388888889 0.9266493055555556 0.07450231481481495 0.11195601851851862
1 0.7644965277777777 0.22322916666666667 0.12751157407407412 0.2610648148148148
1 0.9242766203703703 0.22868055555555555 0.04444444444444429 0.1645949074074074