1 0.2764756944444445 0.09192129629629629 0.20642361111111107 0.1811574074074074
1 0.2284027777777778 0.06577546296296297 0.18069444444444444 0.12942129629629628
1 0.87171875 0.6605787037037038 0.2133680555555557 0.3374074074074073
1 0.8223090277777778 0.6469270833333333 0.11517361111111128 0.1664236111111112
1 0.9110416666666665 0.2857465277777778 0.16388888888888858 0.24332175925925928
1 0.806875 0.5194270833333333 0.20166666666666658 0.2498495370370371
1 0.6083854166666667 0.8503935185185185 0.2494097222222223 0.29921296296296307
1 0.2784201388888889 0.7515277777777778 0.221875 0.2828009259259261
0 0.6393402777777777 0.5611689814814815 0.5401736111111111 0.8724652777777777
1 0.4100173611111112 0.7798553240740741 0.19409722222222214 0.2904050925925926
1 0.5074131944444444 0.4875115740740741 0.4598263888888889 0.821886574074074