1 0.7945833333333333 0.1005787037037037 0.3288541666666667 0.06984953703703703
1 0.7961458333333333 0.04178240740740741 0.29510416666666667 0.05457175925925926
1 0.5579166666666666 0.8972222222222221 0.33125 0.05902777777777786
1 0.5453645833333333 0.8499131944444445 0.15874999999999986 0.04328703703703703
1 0.8867708333333333 0.7667824074074074 0.21468750000000014 0.11082175925925916
1 0.6398958333333333 0.7759259259259259 0.221875 0.10173611111111107
1 0.26427083333333334 0.7804398148148148 0.3158333333333333 0.10833333333333321
1 0.20307291666666666 0.449855324074074 0.25354166666666667 0.10914351851851851
0 0.52625 0.657175925925926 0.8680208333333335 0.13813657407407404
1 0.24333333333333335 0.5721064814814815 0.2817708333333334 0.06498842592592595
1 0.5228645833333333 0.5124131944444444 0.8458333333333332 0.0625