1 0.925954861111111 0.3435243055555556 0.14809027777777786 0.3376273148148147
1 0.9615625 0.3635763888888889 0.07687500000000007 0.2964814814814815
1 0.09894097222222223 0.29912615740740744 0.19163194444444445 0.3361226851851852
1 0.13399305555555557 0.32781249999999995 0.1082986111111111 0.1679282407407407
1 0.35026041666666663 0.07546875 0.1942708333333333 0.1509375
1 0.24279513888888887 0.26116319444444447 0.18975694444444446 0.25174768518518514
1 0.10921874999999999 0.6208391203703704 0.1979513888888889 0.3395717592592593
1 0.38447916666666665 0.7942824074074074 0.20920138888888892 0.28396990740740746
0 0.31338541666666664 0.4238512731481482 0.5079166666666668 0.8477025462962964
1 0.2817881944444444 0.713570601851852 0.18284722222222224 0.2919675925925926
1 0.45067708333333334 0.464693287037037 0.42868055555555545 0.8197453703703703