1 0.26206597222222217 0.05451388888888888 0.35390046296296296 0.10902777777777777
1 0.2623611111111111 0.017586805555555557 0.3159027777777778 0.035173611111111114
1 0.459525462962963 0.9185416666666667 0.3553819444444445 0.1016319444444445
1 0.47550925925925924 0.8697569444444444 0.17075231481481482 0.06315972222222258
1 0.11858217592592593 0.7581770833333333 0.23539351851851853 0.14270833333333321
1 0.3800636574074074 0.7843923611111111 0.24313657407407402 0.13350694444444447
1 0.7789930555555555 0.8145833333333332 0.3401157407407407 0.149722222222222
1 0.8628240740740741 0.4643402777777778 0.26821759259259254 0.14499999999999993
0 0.5090509259259259 0.6651388888888888 0.9282291666666668 0.24559027777777764
1 0.81578125 0.5934895833333333 0.3022569444444443 0.1004513888888889
1 0.5226967592592593 0.5101736111111111 0.8979398148148148 0.1636805555555556