0 0.3980671296296296 0.494994212962963 0.18800925925925932 0.8693634259259259
1 0.03634259259259259 0.48714699074074075 0.049444444444444444 0.19445601851851854
1 0.10695601851851852 0.49365740740740743 0.1105324074074074 0.2553472222222222
1 0.22130208333333332 0.8406134259259259 0.11873842592592591 0.16372685185185176
1 0.23747106481481478 0.5940856481481481 0.11309027777777772 0.1837152777777778
1 0.2252546296296296 0.31381944444444443 0.05962962962962966 0.11697916666666668
1 0.2776678240740741 0.3134490740740741 0.05324074074074074 0.11196759259259262
1 0.28589699074074076 0.11584490740740741 0.05291666666666668 0.10103009259259262
1 0.23017939814814814 0.1367303240740741 0.06358796296296294 0.14526620370370366
1 0.5312152777777778 0.23535879629629627 0.13670138888888878 0.34875000000000006
1 0.6591956018518518 0.1974247685185185 0.13760416666666658 0.27391203703703704
1 0.8529918981481481 0.5058333333333334 0.07165509259259259 0.25957175925925924
1 0.9210300925925925 0.5046527777777777 0.08741898148148124 0.26506944444444436