0 0.4854166666666667 0.5644965277777778 0.7233217592592593 0.7083564814814816
1 0.24887152777777777 0.8067187499999999 0.17118055555555553 0.16763888888888873
1 0.29997106481481484 0.7611168981481482 0.24837962962962967 0.2432407407407407
1 0.6423900462962964 0.9172858796296296 0.19299768518518512 0.16542824074074075
1 0.460619212962963 0.7445428240740741 0.20138888888888892 0.19722222222222213
1 0.2356481481481482 0.5546585648148148 0.11915509259259256 0.11668981481481477
1 0.26796875 0.5182002314814815 0.11076388888888893 0.10847222222222222
1 0.12022569444444446 0.37278935185185186 0.10405092592592595 0.10189814814814806
1 0.10078125 0.4254803240740741 0.14265046296296297 0.13969907407407406
1 0.3686921296296296 0.29150462962962964 0.33061342592592596 0.32377314814814817
1 0.42094907407407406 0.17747685185185186 0.27858796296296295 0.27282407407407405
1 0.783130787037037 0.2655208333333333 0.22488425925925917 0.2202314814814815
1 0.8247974537037036 0.2186516203703704 0.24166666666666678 0.23666666666666664