0 0.4610300925925926 0.5225405092592592 0.4491435185185185 0.7825347222222222
1 0.15561921296296297 0.659994212962963 0.11211805555555557 0.17962962962962975
1 0.2183391203703704 0.6363888888888889 0.1785069444444444 0.24618055555555554
1 0.4698726851851852 0.8828819444444445 0.15531249999999996 0.1709027777777777
1 0.37203125000000004 0.6700810185185185 0.15780092592592593 0.18655092592592587
1 0.2363599537037037 0.43907407407407406 0.08791666666666664 0.11370370370370378
1 0.27890625 0.41811342592592593 0.08138888888888891 0.10892361111111111
1 0.1969386574074074 0.24886574074074072 0.07936342592592593 0.10108796296296294
1 0.1601446759259259 0.28772569444444446 0.10199074074074073 0.14045138888888892
1 0.4551678240740741 0.25207754629629625 0.23194444444444445 0.3312731481481482
1 0.5449305555555556 0.17020833333333332 0.20783564814814817 0.2669097222222222
1 0.8450578703703704 0.3526446759259259 0.1467939814814816 0.23790509259259257
1 0.9012962962962963 0.32522569444444444 0.16297453703703724 0.24751157407407404