0 0.4689293981481481 0.4686631944444445 0.6893865740740741 0.6585069444444445
1 0.21460069444444443 0.21229166666666668 0.16246527777777775 0.15458333333333335
1 0.26859375 0.26069444444444445 0.23650462962962965 0.22854166666666664
1 0.5816956018518519 0.13112268518518516 0.18234953703703702 0.1770138888888889
1 0.4254803240740741 0.2926446759259259 0.1921296296296296 0.1851041666666667
1 0.22719907407407408 0.45526041666666667 0.11496527777777779 0.11105324074074066
1 0.2626967592592592 0.49297453703703703 0.10839120370370363 0.1046180555555555
1 0.13512731481481483 0.6202430555555555 0.09853009259259257 0.09496527777777786
1 0.11053819444444443 0.5672511574074074 0.1346875 0.1303587962962963
1 0.38377893518518513 0.7219965277777778 0.31366898148148153 0.3025925925925925
1 0.4467245370370371 0.8377488425925925 0.2644444444444446 0.25589120370370394
1 0.7873148148148148 0.7869965277777777 0.2134143518518517 0.20445601851851852
1 0.8335358796296296 0.835949074074074 0.22984953703703717 0.2205439814814813