0 0.469068287037037 0.5944155092592593 0.7305208333333333 0.572048611111111
1 0.27899305555555554 0.8696064814814815 0.1697106481481482 0.13843749999999985
1 0.3137094907407408 0.8120543981481483 0.23895833333333333 0.20918981481481466
1 0.11005787037037038 0.5195717592592592 0.1762037037037037 0.17157407407407418
1 0.3062962962962963 0.6546990740740741 0.18716435185185185 0.17526620370370374
1 0.5145601851851852 0.8318402777777777 0.11321759259259245 0.10270833333333336
1 0.5431712962962962 0.7934953703703703 0.10692129629629629 0.09613425925925938
1 0.6986226851851851 0.9046412037037037 0.09906250000000014 0.08947916666666664
1 0.6527662037037036 0.9342824074074073 0.1352083333333333 0.1194675925925928
1 0.73890625 0.6497974537037037 0.3206712962962964 0.2759027777777778
1 0.8367708333333332 0.5775578703703704 0.2626041666666666 0.23853009259259253
1 0.704693287037037 0.24817708333333335 0.22469907407407402 0.18189814814814814
1 0.7418113425925926 0.19855902777777779 0.23731481481481484 0.19817129629629626