0 0.5374074074074073 0.4482638888888889 0.7283912037037037 0.5719907407407409
1 0.7392534722222222 0.17277199074074073 0.1691319444444444 0.1374421296296296
1 0.7016550925925926 0.230787037037037 0.23887731481481483 0.20717592592592596
1 0.8942939814814814 0.5240162037037037 0.17584490740740719 0.16892361111111107
1 0.7032349537037037 0.38796296296296295 0.18685185185185188 0.17401620370370363
1 0.5018402777777778 0.21087962962962964 0.11395833333333343 0.10260416666666669
1 0.4715625 0.2496238425925926 0.10761574074074076 0.09612268518518521
1 0.3200231481481482 0.1369212962962963 0.0981481481481481 0.08952546296296297
1 0.36736111111111114 0.1074074074074074 0.13606481481481483 0.11903935185185181
1 0.26935185185185184 0.39143518518518516 0.3195138888888889 0.2741898148148148
1 0.16821759259259259 0.4642939814814815 0.2642939814814814 0.2362268518518519
1 0.28763310185185187 0.7931134259259259 0.22444444444444445 0.18165509259259238
1 0.24858796296296296 0.8432581018518519 0.23717592592592593 0.1977430555555557