1 0.5261111111111111 0.24538194444444442 0.9477777777777778 0.19458333333333327
1 0.8996875 0.1519097222222222 0.20062500000000014 0.12326388888888888
1 0.1603298611111111 0.007170138888888888 0.20503472222222224 0.014340277777777776
1 0.14262152777777776 0.08671875 0.17118055555555553 0.04284722222222222
1 0.14432291666666666 0.022586805555555554 0.17427083333333332 0.04135416666666667
1 0.30484374999999997 0.3519965277777778 0.5273958333333334 0.11947916666666672
1 0.24562500000000004 0.43069444444444444 0.4175 0.09361111111111117
1 0.11894097222222222 0.9556423611111111 0.19621527777777775 0.044965277777777854
0 0.4963541666666667 0.5986458333333333 0.9321180555555555 0.20031250000000006
1 0.8143055555555556 0.7666666666666666 0.28302083333333317 0.0859375
1 0.4804166666666667 0.8311458333333335 0.9259027777777777 0.13145833333333315