1 0.5464872685185185 0.21498263888888886 0.907025462962963 0.32234953703703695
1 0.22804976851851855 0.04934027777777778 0.2373495370370371 0.0970601851851852
1 0.9486400462962962 0.1718634259259259 0.10271990740740762 0.06483796296296296
1 0.9552893518518519 0.11410300925925924 0.08942129629629605 0.0522337962962963
1 0.7481770833333334 0.3797453703703704 0.5036458333333332 0.18969907407407405
1 0.7954890046296297 0.4722511574074074 0.40902199074074075 0.14989583333333342
1 0.7864583333333334 0.9868113425925926 0.22858796296296297 0.026377314814814666
1 0.13721643518518517 0.878263888888889 0.24989583333333334 0.100277777777778
0 0.5129513888888889 0.5615509259259259 0.9203240740740739 0.3239699074074075
1 0.16641782407407407 0.6347569444444444 0.2830324074074074 0.12239583333333322
1 0.47492476851851856 0.7893692129629629 0.9146412037037038 0.2567476851851854