1 0.6131192129629629 0.1180787037037037 0.5981134259259259 0.21754629629629632
1 0.6918576388888888 0.1937847222222222 0.2747453703703705 0.10493055555555557
1 0.44634837962962964 0.1271875 0.16766203703703705 0.07365740740740741
1 0.8634027777777777 0.3721527777777777 0.13121527777777792 0.05540509259259263
1 0.8412326388888889 0.3878877314814814 0.1751504629629629 0.06295138888888889
1 0.8075405092592594 0.35722800925925924 0.007997685185185333 0.006481481481481488
1 0.7801157407407407 0.4063715277777778 0.2844444444444445 0.11614583333333339
1 0.3507638888888889 0.24690393518518522 0.29630787037037043 0.14771990740740737
1 0.3004861111111111 0.34142361111111114 0.2739351851851851 0.1829629629629629
1 0.5035821759259259 0.6362500000000001 0.7927199074074073 0.35756944444444444
1 0.19525462962962964 0.6887789351851852 0.21965277777777778 0.142326388888889
1 0.45437500000000003 0.892667824074074 0.6920486111111112 0.21466435185185198