1 0.7785300925925925 0.25601851851851853 0.44293981481481487 0.468287037037037
1 0.8243055555555555 0.3572048611111111 0.23026620370370382 0.22667824074074075
1 0.6612268518518519 0.16863425925925926 0.14623842592592595 0.14409722222222224
1 0.855931712962963 0.5965277777777779 0.11423611111111107 0.11174768518518512
1 0.8284722222222222 0.5970775462962964 0.14456018518518549 0.1424768518518519
1 0.8191550925925926 0.5536458333333334 0.008391203703703809 0.008101851851851905
1 0.7663483796296295 0.5791087962962964 0.24212962962962975 0.2395833333333332
1 0.5066261574074075 0.2146122685185185 0.2705439814814815 0.2655671296296296
1 0.4057581018518519 0.26493055555555556 0.28049768518518514 0.2737268518518519
1 0.3914351851851852 0.6169270833333333 0.6993055555555555 0.689699074074074
1 0.10610532407407407 0.49334490740740744 0.21221064814814813 0.21707175925925917
1 0.23272569444444446 0.76484375 0.46545138888888893 0.4703125