1 0.07263888888888889 0.5643923611111111 0.13375 0.6100347222222222
1 0.12663194444444445 0.46532986111111113 0.05621527777777775 0.2819097222222222
1 0.15109375 0.7231944444444445 0.04597222222222221 0.17218750000000008
1 0.2382118055555556 0.25331597222222224 0.03576388888888893 0.13427083333333334
1 0.2620138888888889 0.2707638888888889 0.03211805555555554 0.18093750000000003
1 0.2434201388888889 0.3120833333333334 0.00482638888888891 0.006458333333333321
1 0.30227430555555557 0.32640625 0.06892361111111107 0.29184027777777777
1 0.30395833333333333 0.7885243055555555 0.10187499999999998 0.2995486111111109
1 0.41456597222222225 0.8137326388888889 0.1448611111111111 0.2671180555555555
1 0.6294270833333334 0.5430902777777777 0.22871527777777773 0.809375
1 0.7958680555555555 0.8330208333333333 0.11253472222222224 0.21729166666666658
1 0.9053472222222222 0.5264756944444444 0.10656250000000007 0.7212152777777778