1 0.25266203703703705 0.83203125 0.5053240740740741 0.3359375
1 0.34588541666666667 0.8755208333333332 0.24875000000000008 0.18500000000000014
1 0.1404224537037037 0.72953125 0.15480324074074076 0.11947916666666672
1 0.5834085648148148 0.8905729166666667 0.11968749999999986 0.0921875
1 0.5803125 0.86296875 0.15778935185185183 0.11499999999999985
1 0.5366550925925926 0.8569270833333335 0.008043981481481489 0.008333333333333571
1 0.554681712962963 0.8033333333333333 0.26001157407407405 0.19666666666666685
1 0.16375578703703703 0.5760937500000001 0.2795949074074074 0.22604166666666678
1 0.19886574074074073 0.47432291666666665 0.2771180555555556 0.24770833333333328
1 0.5397106481481482 0.4367708333333334 0.7391319444444445 0.5779166666666666
1 0.37876157407407407 0.16223958333333335 0.22099537037037037 0.195625
1 0.6936400462962963 0.23489583333333336 0.6127199074074074 0.4166666666666667