1 0.5610879629629629 0.9066319444444446 0.3781944444444445 0.16756944444444458
1 0.908917824074074 0.5009895833333333 0.1349421296296299 0.2495486111111111
1 0.7052314814814815 0.7388020833333334 0.23612268518518514 0.21902777777777765
1 0.4130497685185185 0.9426909722222223 0.22586805555555553 0.09864583333333314
0 0.3398784722222222 0.5842013888888888 0.6797569444444445 0.6743055555555555
1 0.8396990740740741 0.4182638888888889 0.28856481481481494 0.34034722222222236
1 0.5942766203703703 0.6757291666666667 0.37184027777777773 0.35
1 0.2443460648148148 0.3136805555555556 0.4313310185185185 0.4059375
1 0.06810763888888889 0.5380555555555555 0.13621527777777778 0.24888888888888888
1 0.28046875 0.1828125 0.5609375 0.365625
1 0.44708912037037035 0.23661458333333335 0.011585648148148131 0.011180555555555572