1 0.10746527777777777 0.6716145833333333 0.21493055555555554 0.3411458333333332
1 0.5602719907407407 0.89578125 0.26348379629629637 0.1503124999999997
1 0.29587962962962966 0.7470833333333333 0.22803240740740732 0.2135416666666668
1 0.059311342592592596 0.5326562499999999 0.11862268518518519 0.20343750000000008
0 0.39807870370370374 0.338125 0.6749305555555556 0.668125
1 0.6280497685185185 0.8116145833333335 0.3490393518518518 0.3153125000000003
1 0.3428761574074074 0.6221354166666666 0.35548611111111106 0.34229166666666655
1 0.6467361111111111 0.193046875 0.41369212962962953 0.38609375
1 0.40017361111111105 0.07276041666666666 0.24652777777777785 0.14552083333333332
1 0.7819270833333334 0.20609375000000002 0.43614583333333334 0.41218750000000004
1 0.7461747685185186 0.36098958333333336 0.009456018518518405 0.011562499999999965