1 0.16137152777777777 0.1152025462962963 0.16961805555555554 0.2304050925925926
1 0.10014467592592594 0.5693460648148149 0.17783564814814815 0.5488078703703703
1 0.16866319444444447 0.4538599537037037 0.09027777777777776 0.20585648148148153
1 0.2978877314814815 0.29743055555555553 0.277025462962963 0.5948611111111111
1 0.15379050925925924 0.8342650462962963 0.0901041666666667 0.15906249999999994
0 0.4528935185185185 0.4954224537037037 0.552662037037037 0.9908449074074074
1 0.764988425925926 0.17559027777777778 0.1711226851851851 0.24123842592592593
1 0.6419270833333334 0.8050405092592593 0.23396990740740725 0.33806712962962954
1 0.8207175925925926 0.28541666666666665 0.14930555555555572 0.41009259259259256
1 0.8644097222222221 0.44750578703703703 0.2711805555555557 0.7080902777777778
1 0.786400462962963 0.8805208333333333 0.1387731481481481 0.16782407407407404