1 0.9343634259259259 0.3297106481481481 0.11053240740740726 0.20608796296296292
1 0.6257928240740741 0.13903935185185184 0.48591435185185183 0.2546527777777778
1 0.691232638888889 0.22000578703703702 0.1798379629629629 0.1285763888888889
1 0.7544791666666667 0.3885416666666667 0.47289351851851863 0.3946759259259259
1 0.3475405092592593 0.07289351851851852 0.18616898148148148 0.13032407407407406
0 0.5180092592592593 0.4370891203703703 0.9583101851851852 0.7600810185185185
1 0.7152256944444445 0.8286805555555556 0.2319212962962963 0.20032407407407432
1 0.18750578703703705 0.4917476851851852 0.3750115740740741 0.3209953703703704
1 0.5995717592592593 0.8409027777777777 0.3492476851851851 0.23656250000000015
1 0.4346759259259259 0.8104050925925925 0.6230555555555556 0.37918981481481495
1 0.08740162037037037 0.588119212962963 0.17480324074074075 0.20436342592592602