1 0.940625 0.23938078703703702 0.11875 0.1965856481481482
1 0.60390625 0.10575810185185186 0.4796875 0.21151620370370372
1 0.68046875 0.1638599537037037 0.1765625 0.12372685185185187
1 0.76484375 0.32167245370370373 0.4703125 0.3736689814814815
1 0.32421875 0.06092303240740741 0.1828125 0.12184606481481482
0 0.53203125 0.3990451388888889 0.9359375 0.7284143518518518
1 0.7671875 0.7614293981481481 0.2234375 0.19577546296296297
1 0.19453125 0.49279513888888893 0.3890625 0.30815972222222215
1 0.653125 0.7875289351851852 0.346875 0.22222222222222232
1 0.490625 0.7966724537037038 0.6125 0.3929976851851853
1 0.10234375 0.6032407407407407 0.2046875 0.19664351851851852