1 0.909554398148148 0.8859548611111112 0.18089120370370396 0.14209490740740732
1 0.47508680555555555 0.9271006944444444 0.5434606481481481 0.14579861111111114
1 0.5946469907407408 0.8560937500000001 0.20199074074074072 0.07015046296296319
1 0.7280555555555555 0.7387731481481482 0.543888888888889 0.2083333333333334
1 0.19154513888888888 0.8509027777777778 0.20396990740740742 0.084236111111111
0 0.5051851851851852 0.5785011574074075 0.9896296296296295 0.4570023148148149
1 0.8713136574074074 0.28388310185185184 0.22622685185185176 0.15016203703703698
1 0.2091782407407407 0.3654398148148148 0.4028009259259259 0.2058796296296296
1 0.7601331018518518 0.22132523148148148 0.3997453703703705 0.1027546296296296
1 0.6038657407407407 0.13935763888888889 0.6947222222222221 0.25393518518518515
1 0.12975694444444447 0.2151099537037037 0.2505324074074074 0.1270949074074074