1 0.16417824074074075 0.8816666666666666 0.1416666666666667 0.23240740740740762
1 0.09756944444444444 0.42736111111111114 0.1701388888888889 0.5327777777777778
1 0.183275462962963 0.5462615740740742 0.06927083333333331 0.20011574074074084
1 0.30384837962962963 0.7015451388888889 0.20920138888888884 0.5770949074074073
1 0.17447916666666669 0.15208912037037037 0.08501157407407409 0.20260416666666664
0 0.45115740740740745 0.49342592592592593 0.4583333333333332 0.9868518518518519
1 0.7553819444444445 0.8332928240740742 0.14890046296296297 0.22505787037037023
1 0.6503761574074074 0.1892650462962963 0.20700231481481488 0.3785300925925926
1 0.8119212962962964 0.7279340277777778 0.10752314814814809 0.4015046296296296
1 0.8797309027777779 0.5728414351851852 0.2405381944444443 0.6855671296296297
1 0.795167824074074 0.11344328703703703 0.1247106481481481 0.22688657407407406