1 0.3368923611111111 0.06921875000000001 0.22065972222222224 0.10822916666666667
1 0.13758680555555555 0.34817708333333336 0.2669560185185186 0.4744791666666667
1 0.20662615740740745 0.2974479166666667 0.1468171296296296 0.1765625
1 0.38483796296296297 0.24854166666666666 0.44780092592592596 0.47562499999999996
1 0.06915509259259259 0.6257291666666667 0.09872685185185184 0.18270833333333342
0 0.4262152777777778 0.48197916666666674 0.8368055555555556 0.9629166666666666
1 0.8249131944444444 0.3472395833333334 0.214525462962963 0.23718749999999994
1 0.4614872685185185 0.82515625 0.351099537037037 0.34968749999999993
1 0.8324074074074075 0.4654166666666667 0.2729166666666668 0.3408333333333333
1 0.7889178240740741 0.6311458333333333 0.4221643518518519 0.6116666666666667
1 0.5535011574074075 0.9308333333333334 0.22644675925925917 0.13833333333333328