1 0.5806134259259259 0.9756192129629628 0.33472222222222214 0.04876157407407433
1 0.5723958333333334 0.8829050925925926 0.46909722222222217 0.13937499999999972
1 0.9128761574074075 0.7379224537037038 0.17424768518518513 0.15771990740740732
1 0.6889178240740741 0.8025405092592592 0.19479166666666678 0.029560185185185262
1 0.564670138888889 0.6532233796296296 0.24508101851851852 0.03774305555555557
1 0.12595486111111112 0.7647858796296296 0.18935185185185183 0.05138888888888893
1 0.34270833333333334 0.4805324074074074 0.34502314814814816 0.03692129629629619
1 0.12607060185185187 0.30397569444444444 0.23697916666666669 0.1985763888888889
1 0.4760416666666667 0.24252314814814815 0.19282407407407404 0.06078703703703701
1 0.7400752314814815 0.15622685185185187 0.5198495370370371 0.06946759259259258
1 0.5285011574074074 0.014068287037037035 0.2413773148148149 0.022094907407407403
1 0.08327546296296297 0.05528935185185185 0.16365740740740742 0.03245370370370371
0 0.508912037037037 0.5544849537037038 0.982175925925926 0.14646990740740745
1 0.5332175925925926 0.09923611111111111 0.757349537037037 0.07746527777777779