1 0.05118055555555555 0.43162615740740745 0.1023611111111111 0.34612268518518513
1 0.12648148148148147 0.4607349537037037 0.25296296296296295 0.49670138888888893
1 0.3762037037037037 0.12476851851851851 0.22884259259259263 0.24953703703703703
1 0.23751736111111113 0.3589699074074074 0.07791666666666668 0.19965277777777776
1 0.3516666666666667 0.5070023148148148 0.09743055555555565 0.25190972222222213
1 0.1377488425925926 0.8741030092592592 0.06859953703703706 0.09780092592592596
1 0.46428819444444447 0.7581597222222223 0.12386574074074072 0.3497106481481481
1 0.5953703703703704 0.9227430555555556 0.22349537037037023 0.11759259259259273
1 0.7365856481481481 0.666869212962963 0.107673611111111 0.20543981481481488
1 0.8962789351851852 0.3759548611111111 0.20429398148148153 0.6134837962962962
0 0.46297453703703706 0.4901041666666667 0.39280092592592586 0.9802083333333333
1 0.8779398148148149 0.6124421296296296 0.23550925925925908 0.7177083333333334