1 0.10996527777777779 0.7662210648148149 0.19270833333333334 0.3074421296296297
1 0.18644097222222222 0.7283043981481481 0.35107638888888887 0.47535879629629624
1 0.11854166666666668 0.3086863425925926 0.2301388888888889 0.3048726851851852
1 0.18864583333333335 0.5815104166666667 0.12437499999999999 0.18459490740740742
1 0.3798263888888889 0.6093344907407408 0.15510416666666665 0.23190972222222223
1 0.5014062499999999 0.9805266203703702 0.10100694444444436 0.03894675925925952
1 0.6429513888888889 0.7116377314814815 0.20704861111111122 0.320150462962963
1 0.882170138888889 0.777806712962963 0.235659722222222 0.2427662037037038
1 0.7717881944444445 0.4644097222222222 0.14965277777777786 0.19746527777777773
1 0.6897743055555556 0.217962962962963 0.34829861111111116 0.42064814814814816
1 0.9315277777777778 0.29189814814814813 0.13694444444444437 0.2270833333333333
0 0.4540451388888889 0.5357899305555556 0.6284374999999999 0.9284201388888889
1 0.81796875 0.34727430555555555 0.3640625 0.6757060185185184