1 0.9048958333333333 0.6460300925925926 0.1664583333333333 0.3270138888888889
1 0.8309201388888889 0.6038252314814814 0.3198958333333334 0.48947916666666663
1 0.5254513888888889 0.8654745370370371 0.26097222222222227 0.22578703703703695
1 0.7113368055555556 0.6825983796296297 0.11510416666666679 0.19325231481481478
1 0.6331423611111111 0.5141956018518519 0.1458333333333334 0.2416666666666666
1 0.9246527777777779 0.17835648148148148 0.09975694444444443 0.13471064814814815
1 0.5797743055555555 0.24696180555555558 0.18996527777777777 0.33135416666666667
1 0.5030034722222222 0.06589699074074074 0.2502430555555556 0.13179398148148147
1 0.29880208333333336 0.28416087962962966 0.14027777777777786 0.20236111111111113
1 0.12211805555555555 0.5232060185185186 0.2442361111111111 0.553587962962963
1 0.06701388888888889 0.2501388888888889 0.12840277777777778 0.2298379629629629
0 0.5344618055555556 0.49512152777777774 0.5851041666666668 0.9761226851851852
1 0.1734375 0.321875 0.346875 0.64375