1 0.65703125 0.05831597222222222 0.41875 0.11663194444444444
1 0.1265625 0.11687499999999999 0.253125 0.10687500000000001
1 0.78984375 0.1543576388888889 0.21875 0.11446759259259257
1 0.4671875 0.21561921296296296 0.2328125 0.11832175925925928
1 0.14375 0.2823900462962963 0.2875 0.12271990740740737
1 0.25234375 0.7095717592592592 0.2140625 0.08609953703703717
1 0.7546875 0.6155555555555555 0.3328125 0.1000694444444445
0 0.47578125 0.3940798611111111 0.9109375 0.3331712962962962
1 0.225 0.6016145833333333 0.3109375 0.16299768518518504
1 0.56328125 0.9207928240740741 0.271875 0.09534722222222243
1 0.25546875 0.8015972222222223 0.240625 0.12810185185185183