1 0.03515046296296297 0.3168402777777778 0.06895833333333333 0.45243055555555556
1 0.06351273148148148 0.8754918981481481 0.06278935185185186 0.2490162037037038
1 0.1325462962962963 0.1798611111111111 0.10799768518518515 0.2398726851851852
1 0.17731481481481481 0.5298611111111111 0.11278935185185186 0.2541087962962962
1 0.2282349537037037 0.8616898148148149 0.11146990740740739 0.27662037037037024
1 0.6962962962962964 0.7912037037037039 0.078263888888889 0.2325231481481481
1 0.6274305555555555 0.2458333333333333 0.08702546296296294 0.3609375
0 0.3717766203703704 0.5181712962962963 0.2993865740740741 0.9636574074074075
1 0.5777488425925925 0.8141493055555555 0.15715277777777778 0.3385416666666668
1 0.9446238425925927 0.4692418981481481 0.08341435185185161 0.29519675925925914
1 0.7962789351851851 0.7925636574074074 0.12223379629629641 0.2638310185185183