1 0.9305902777777778 0.5224305555555555 0.13881944444444444 0.4252777777777778
1 0.7824189814814815 0.9507291666666667 0.1819212962962963 0.09854166666666657
1 0.9169212962962963 0.3515625 0.16615740740740748 0.24357638888888894
1 0.7754108796296297 0.6539583333333333 0.1887037037037036 0.25961805555555556
1 0.6177488425925926 0.8999652777777778 0.208136574074074 0.2000694444444445
1 0.2136111111111111 0.6789236111111111 0.15188657407407408 0.22833333333333333
1 0.44383680555555555 0.20697916666666666 0.20673611111111115 0.34156250000000005
0 0.5941666666666666 0.5476909722222223 0.6178009259259258 0.9046180555555555
1 0.31633680555555554 0.7490277777777778 0.2568287037037037 0.34690972222222227
1 0.08788194444444444 0.2801041666666667 0.16752314814814814 0.28208333333333335
1 0.12111689814814815 0.6381423611111112 0.19991898148148146 0.2694791666666667