1 0.0698263888888889 0.5660011574074074 0.1396527777777778 0.3851273148148149
1 0.36807291666666664 0.10864583333333333 0.2888541666666667 0.21039351851851854
1 0.04126736111111111 0.6703298611111111 0.08253472222222222 0.20315972222222226
1 0.16736111111111113 0.6669791666666667 0.32309027777777777 0.41857638888888893
1 0.65125 0.8547511574074074 0.319513888888889 0.29049768518518526
1 0.890798611111111 0.39626157407407403 0.197152777777778 0.29023148148148153
1 0.6879513888888888 0.9791840277777778 0.12416666666666672 0.04163194444444436
1 0.8464930555555557 0.7599074074074075 0.18628472222222214 0.29163194444444435
1 0.9653124999999999 0.4434895833333333 0.04298611111111086 0.264525462962963
1 0.5699131944444444 0.17574074074074075 0.1464236111111111 0.2379513888888889
0 0.5166840277777778 0.5290277777777778 0.6664583333333333 0.9419444444444445
1 0.7715277777777778 0.4062210648148148 0.31899305555555557 0.46692129629629625