1 0.26579282407407406 0.14160300925925925 0.24966435185185185 0.2832060185185185
1 0.09009837962962963 0.66484375 0.18019675925925926 0.2953125
1 0.3592534722222222 0.06685185185185186 0.13149305555555557 0.1337037037037037
1 0.43912037037037044 0.18248263888888888 0.3217592592592592 0.36496527777777776
1 0.8728935185185186 0.3980439814814815 0.23106481481481467 0.42027777777777775
1 0.6207523148148149 0.884074074074074 0.26002314814814814 0.22370370370370374
1 0.8822974537037037 0.6478645833333333 0.17503472222222208 0.2917939814814815
1 0.7187152777777778 0.9177083333333332 0.1621990740740742 0.1542592592592591
1 0.2367997685185185 0.7611921296296297 0.14688657407407407 0.23848379629629618
0 0.5114004629629629 0.5155150462962963 0.6679629629629631 0.9404745370370371
1 0.5443749999999999 0.77609375 0.31664351851851863 0.4412152777777777