1 0.1321412037037037 0.18661458333333333 0.1517824074074074 0.37322916666666667
1 0.1292650462962963 0.796875 0.21917824074074077 0.290625
1 0.20280092592592594 0.08971643518518518 0.08060185185185187 0.17943287037037037
1 0.33087962962962963 0.1920949074074074 0.2336342592592593 0.3841898148148148
1 0.8939409722222222 0.23302083333333332 0.21211805555555543 0.4533101851851852
1 0.798582175925926 0.8292129629629631 0.21521990740740726 0.26231481481481467
1 0.9919675925925926 0.1397337962962963 0.01606481481481481 0.2167361111111111
1 0.9572337962962962 0.4881423611111112 0.08553240740740761 0.3291782407407407
1 0.9168749999999999 0.8331597222222221 0.09425925925925896 0.23331018518518504
1 0.35466435185185186 0.823431712962963 0.07974537037037041 0.2698842592592591
0 0.5392418981481482 0.49046296296296293 0.4339004629629629 0.9809259259259259
1 0.674224537037037 0.7262326388888889 0.19831018518518526 0.4812384259259261