1 0.37890625 0.9537962962962963 0.4343171296296296 0.09240740740740741
1 0.9058969907407407 0.7568923611111111 0.17135416666666678 0.28991898148148143
1 0.26620949074074074 0.9668344907407407 0.22767361111111112 0.06633101851851855
1 0.29725694444444445 0.8340104166666666 0.45747685185185183 0.31724537037037026
1 0.16719328703703704 0.25949074074074074 0.33438657407407407 0.3096064814814815
1 0.7104224537037037 0.1244039351851852 0.3104050925925925 0.19096064814814814
1 0.03572337962962963 0.19018518518518518 0.07144675925925927 0.11162037037037038
1 0.3075173611111111 0.08865740740740741 0.3287152777777778 0.16224537037037037
1 0.8749942129629631 0.5207349537037038 0.23760416666666656 0.12473379629629626
0 0.49862268518518515 0.49701967592592594 0.9972453703703703 0.6221643518518519
1 0.6639583333333333 0.2525636574074074 0.5007870370370371 0.2898263888888889