1 0.09505208333333333 0.8432812500000001 0.16730324074074074 0.30769675925925916
1 0.0931712962962963 0.25685185185185183 0.1863425925925926 0.3050462962962963
1 0.17282986111111112 0.9322164351851852 0.08535879629629628 0.11575231481481474
1 0.2980324074074074 0.8141030092592592 0.24826388888888884 0.3467939814814816
1 0.8715856481481481 0.6717592592592594 0.2179398148148149 0.41203703703703703
1 0.7564525462962963 0.12297453703703705 0.23709490740740743 0.2459490740740741
1 0.9352141203703704 0.4271122685185185 0.10607638888888893 0.33836805555555555
1 0.8774016203703703 0.10041666666666667 0.11394675925925953 0.20083333333333334
1 0.2984953703703704 0.19122685185185184 0.0992476851851852 0.2802777777777778
0 0.49930555555555556 0.49148148148148146 0.4976851851851851 0.9829629629629629
1 0.631886574074074 0.24124421296296297 0.2362268518518519 0.48248842592592595