1 0.5778182870370371 0.916730324074074 0.25540509259259264 0.16653935185185204
1 0.9105034722222222 0.6867303240740741 0.10565972222222228 0.12260416666666671
1 0.3162962962962963 0.8860011574074074 0.29486111111111113 0.22799768518518526
1 0.3451736111111111 0.7435069444444444 0.4977662037037037 0.3613425925925927
1 0.8320254629629631 0.547025462962963 0.28983796296296305 0.3051388888888889
1 0.22560474537037037 0.6793113425925926 0.45120949074074074 0.3703703703703704
1 0.7040914351851851 0.4241493055555556 0.15262731481481495 0.12451388888888885
1 0.6736400462962963 0.38406250000000003 0.16696759259259258 0.12930555555555562
1 0.6430034722222222 0.34710069444444447 0.18655092592592587 0.14350694444444442
1 0.8806597222222223 0.3066550925925926 0.12973379629629633 0.10716435185185187
1 0.8390856481481481 0.2696122685185185 0.15584490740740725 0.12609953703703702
1 0.6344097222222222 0.34703703703703703 0.1981365740740742 0.15452546296296293
1 0.8135532407407406 0.22565393518518517 0.15418981481481495 0.12452546296296294
1 0.536400462962963 0.1016724537037037 0.414699074074074 0.19829861111111108
1 0.07953125 0.41627893518518516 0.1590625 0.24193287037037034
0 0.4296875 0.36021412037037037 0.859375 0.7204282407407407