1 0.2774479166666667 0.10477430555555556 0.28010416666666665 0.11417824074074075
1 0.6780729166666667 0.018778935185185183 0.15302083333333344 0.037557870370370366
1 0.14536458333333332 0.32250578703703703 0.25947916666666665 0.201863425925926
1 0.28421875 0.406244212962963 0.5242708333333334 0.2031365740740741
1 0.7532291666666666 0.12714120370370371 0.40656250000000005 0.21260416666666665
1 0.24937499999999999 0.5421064814814814 0.4414583333333334 0.26891203703703714
1 0.7325520833333333 0.3461516203703704 0.15374999999999997 0.08738425925925926
1 0.7421354166666667 0.39582754629629624 0.17385416666666664 0.08531250000000004
1 0.7516666666666667 0.4447222222222222 0.19468750000000004 0.09417824074074073
1 0.93296875 0.28866319444444444 0.13406249999999992 0.08336805555555556
1 0.926171875 0.3458159722222222 0.14765625 0.09115740740740738
1 0.7466666666666667 0.45203703703703707 0.20302083333333343 0.10239583333333328
1 0.9344270833333332 0.39364583333333336 0.13114583333333343 0.09099537037037031
1 0.8595833333333334 0.7401678240740741 0.2808333333333334 0.25903935185185195
1 0.8856770833333334 0.8539583333333333 0.22864583333333321 0.13974537037037038
1 0.30328125 0.8920891203703704 0.33427083333333335 0.15591435185185176
0 0.5311979166666667 0.6490451388888888 0.9376041666666666 0.4674189814814815