1 0.8300983796296297 0.09312499999999999 0.08021990740740748 0.16875
1 0.75484375 0.25708333333333333 0.25359953703703686 0.4612847222222222
1 0.8316898148148149 0.6587500000000001 0.10723379629629619 0.15062500000000015
1 0.5046238425925926 0.7666666666666667 0.20900462962962968 0.2090625000000001
1 0.6358217592592592 0.2511458333333333 0.13829861111111103 0.3588541666666667
1 0.5783217592592592 0.2734895833333334 0.17259259259259246 0.38458333333333333
0 0.3825636574074074 0.3511805555555555 0.3511226851851852 0.47437500000000005
1 0.20014467592592594 0.40126736111111116 0.2440393518518519 0.457951388888889
1 0.05716435185185185 0.3477951388888889 0.1143287037037037 0.23565972222222217
1 0.07901041666666667 0.6021354166666667 0.10650462962962963 0.1646527777777777
1 0.13344328703703706 0.8685416666666667 0.13540509259259262 0.25736111111111093