1 0.39565972222222223 0.9532291666666666 0.1716435185185185 0.047291666666666995
1 0.48423032407407407 0.81328125 0.48003472222222215 0.3359375
1 0.88125 0.5935416666666666 0.16082175925925918 0.13385416666666677
1 0.7510416666666667 0.27958333333333335 0.2380208333333334 0.2403125
1 0.3990451388888888 0.7355729166666667 0.3585069444444445 0.2109375
1 0.3793981481481481 0.6768750000000001 0.391087962962963 0.24895833333333323
0 0.3125868055555555 0.48182291666666666 0.5164930555555556 0.43656249999999996
1 0.23498263888888887 0.31338541666666664 0.46996527777777775 0.33406249999999993
1 0.10046296296296295 0.2290625 0.2009259259259259 0.19812500000000002
1 0.32262731481481477 0.08447916666666667 0.175 0.13791666666666666
1 0.5879340277777778 0.015260416666666669 0.26788194444444446 0.030520833333333337