1 0.19001736111111112 0.01453125 0.18003472222222222 0.018692129629629628
1 0.33839699074074076 0.12593171296296296 0.4805555555555555 0.17462962962962963
1 0.782523148148148 0.18015046296296297 0.1497106481481481 0.08417824074074076
1 0.7911458333333334 0.5392824074074074 0.19253472222222215 0.18776620370370373
1 0.2943576388888889 0.2421701388888889 0.38761574074074073 0.065324074074074
1 0.3006655092592593 0.30721643518518515 0.41226851851851853 0.09935185185185187
0 0.31886574074074076 0.5249305555555556 0.4736111111111111 0.281875
1 0.31443865740740745 0.7211979166666667 0.47853009259259255 0.1620486111111111
1 0.2059895833333333 0.8668460648148149 0.23998842592592595 0.12160879629629626
1 0.485011574074074 0.9054861111111112 0.1682291666666668 0.07890046296296305
1 0.7841145833333333 0.9389293981481481 0.2777777777777777 0.08925925925925923