1 0.24765625 0.9071469907407408 0.17958333333333334 0.051851851851851906
1 0.3982291666666667 0.8044560185185186 0.48270833333333324 0.17997685185185192
1 0.83625 0.8195601851851851 0.15072916666666672 0.08663194444444429
1 0.8580729166666666 0.46553819444444444 0.20260416666666678 0.1867476851851851
1 0.35807291666666663 0.683767361111111 0.3835416666666666 0.071875
1 0.36640625 0.6208043981481481 0.40906249999999994 0.10399305555555571
0 0.3930208333333333 0.4091435185185185 0.48354166666666665 0.2859953703703704
1 0.395625 0.2132523148148148 0.4805208333333333 0.17054398148148148
1 0.29411458333333335 0.05736400462962963 0.24354166666666668 0.11472800925925926
1 0.5700520833333333 0.057204861111111116 0.16916666666666663 0.08263888888888889
1 0.8629427083333333 0.06976273148148147 0.27411458333333344 0.09293981481481481