1 0.9127488425925925 0.30973958333333335 0.1255787037037038 0.3197916666666666
1 0.8330844907407406 0.23953125000000003 0.13685185185185206 0.20687499999999998
1 0.7751909722222223 0.06328125 0.16211805555555542 0.1265625
1 0.6825983796296297 0.07380208333333334 0.14105324074074072 0.14760416666666668
1 0.6020486111111112 0.18226562500000001 0.22822916666666657 0.36453125000000003
0 0.560931712962963 0.436328125 0.37152777777777785 0.87265625
1 0.8577893518518518 0.4387499999999999 0.13337962962962954 0.23000000000000007
1 0.8996990740740742 0.6064583333333333 0.10769675925925952 0.15510416666666665
1 0.8125868055555555 0.42463541666666665 0.06607638888888907 0.1632291666666667
1 0.7435358796296296 0.5701562499999999 0.16112268518518516 0.4046875
1 0.701082175925926 0.5480729166666667 0.14341435185185175 0.33343750000000016
1 0.6571006944444444 0.5704687500000001 0.13773148148148148 0.3439583333333333
0 0.2814409722222222 0.5931770833333333 0.2768171296296297 0.7440625000000001
1 0.21824652777777778 0.7608854166666666 0.2964467592592593 0.4619791666666666
1 0.1324537037037037 0.35031249999999997 0.2649074074074074 0.468125