1 0.8822627314814815 0.7596180555555556 0.17665509259259266 0.31027777777777776
1 0.7920081018518518 0.8088541666666667 0.19243055555555558 0.22368055555555558
1 0.6358854166666666 0.9480034722222221 0.21922453703703706 0.10399305555555571
1 0.5487384259259259 0.9244270833333333 0.1980555555555556 0.15114583333333337
1 0.5134895833333333 0.8032465277777778 0.3463078703703705 0.39350694444444445
0 0.5745428240740741 0.5478298611111111 0.6273148148148147 0.8540972222222223
1 0.8898784722222223 0.6127430555555555 0.17309027777777786 0.24152777777777779
1 0.9639293981481482 0.4531597222222222 0.038113425925925884 0.16381944444444443
1 0.8490914351851853 0.6140625 0.11755787037037031 0.16267361111111106
1 0.8382696759259259 0.4452256944444445 0.2871990740740742 0.3978125
1 0.7844965277777778 0.45536458333333335 0.24637731481481495 0.3320833333333333
1 0.7479976851851852 0.41928819444444443 0.24521990740740734 0.33982638888888894
0 0.3471990740740741 0.3263020833333333 0.48997685185185186 0.6406597222222222
1 0.35583912037037035 0.17477430555555556 0.4070717592592593 0.33454861111111106
1 0.14704861111111112 0.48336805555555556 0.29409722222222223 0.49798611111111113