1 0.11582175925925926 0.37375578703703705 0.23164351851851853 0.599363425925926
1 0.29218171296296297 0.04137731481481481 0.16876157407407408 0.08275462962962962
1 0.03159722222222222 0.5811921296296296 0.06319444444444444 0.23136574074074084
1 0.1462152777777778 0.3080439814814815 0.19898148148148148 0.258449074074074
1 0.3473263888888889 0.046643518518518515 0.1740972222222222 0.09328703703703703
1 0.4059722222222222 0.05951967592592593 0.16618055555555564 0.11903935185185185
1 0.45906828703703706 0.07413194444444444 0.1662384259259259 0.1482638888888889
1 0.1190625 0.5624131944444445 0.238125 0.38454861111111105
0 0.32564814814814813 0.4080729166666667 0.5955787037037037 0.8161458333333333
1 0.3940046296296297 0.837673611111111 0.16274305555555557 0.22123842592592596
1 0.7497222222222223 0.2482638888888889 0.21409722222222224 0.27928240740740745
1 0.48083333333333333 0.8173032407407407 0.22787037037037033 0.334375
1 0.7893518518518519 0.34114583333333337 0.2580208333333333 0.3744791666666667
1 0.46622106481481485 0.903616898148148 0.1236458333333335 0.15896990740740763
1 0.8998553240740741 0.25517939814814816 0.14385416666666656 0.1877893518518518
1 0.7296064814814814 0.6061342592592592 0.5129166666666667 0.7488425925925926