1 0.359375 0.05234375 0.6375 0.0515625
1 0.8234375 0.05625 0.25 0.0375
1 0.16796875 0.12109375 0.2234375 0.0578125
1 0.471875 0.11796875 0.25 0.0609375
1 0.83671875 0.11171875 0.2234375 0.0578125
1 0.8390625 0.17890625 0.21875 0.0484375
1 0.83984375 0.23828125 0.2171875 0.0484375
1 0.23984375 0.21015625 0.3734375 0.0859375
0 0.49609375 0.3140625 0.9078125 0.08125
1 0.16015625 0.61796875 0.2203125 0.0390625
1 0.80390625 0.60078125 0.2703125 0.0640625
1 0.21640625 0.6828125 0.3578125 0.025
1 0.74765625 0.68515625 0.3953125 0.0328125
1 0.1359375 0.71953125 0.171875 0.0265625
1 0.86953125 0.73203125 0.1828125 0.0421875
1 0.48671875 0.88515625 0.8734375 0.2015625