1 0.8005208333333333 0.23519097222222224 0.3989583333333332 0.41538194444444443
1 0.6581770833333334 0.07387152777777778 0.19302083333333328 0.09746527777777778
1 0.8408333333333333 0.27925347222222224 0.22090277777777773 0.2686805555555555
1 0.9411979166666666 0.6453645833333332 0.07385416666666664 0.22315972222222236
1 0.9137847222222222 0.6809375 0.12534722222222214 0.2238888888888889
1 0.6194618055555555 0.16999999999999998 0.320451388888889 0.2980555555555556
0 0.6696180555555555 0.43289930555555556 0.6607638888888889 0.8324652777777779
1 0.20336805555555557 0.2853645833333333 0.18003472222222222 0.22631944444444443
1 0.5933854166666667 0.8591840277777777 0.235798611111111 0.28163194444444456
1 0.17671875 0.3742013888888889 0.2601041666666667 0.3437152777777778
1 0.48286458333333326 0.8335069444444445 0.2889930555555555 0.3329861111111111
1 0.09605902777777778 0.32208333333333333 0.13718750000000002 0.17451388888888886
1 0.5074479166666667 0.9505034722222222 0.1444097222222222 0.09899305555555564
1 0.2648784722222222 0.63984375 0.5297569444444444 0.7203125