1 0.40234375 0.8640393518518519 0.36313657407407407 0.24914351851851854
1 0.06122685185185186 0.5115624999999999 0.09085648148148148 0.18000000000000008
1 0.5260416666666666 0.8214756944444443 0.33761574074074086 0.317789351851852
1 0.60703125 0.7462094907407407 0.3418981481481481 0.34922453703703715
1 0.18859953703703702 0.35681712962962964 0.27546296296296297 0.28136574074074067
1 0.899681712962963 0.43614583333333334 0.20063657407407404 0.2658101851851852
1 0.6166087962962963 0.1838773148148148 0.4613425925925926 0.3677546296296296
1 0.9953993055555556 0.36096643518518523 0.009201388888888929 0.07170138888888893
0 0.5532696759259259 0.41709201388888884 0.862037037037037 0.8341840277777777
1 0.8208043981481481 0.13379050925925925 0.19444444444444428 0.19861111111111113
1 0.8483217592592591 0.10687210648148149 0.23333333333333356 0.21374421296296298