1 0.7505381944444445 0.11575810185185184 0.4364930555555556 0.13443287037037038
1 0.17769675925925926 0.08494212962962963 0.2187037037037037 0.060972222222222205
1 0.7528761574074074 0.2666145833333333 0.3762847222222222 0.1480439814814815
1 0.7318749999999999 0.38525462962962964 0.37949074074074074 0.1496296296296297
1 0.15863425925925928 0.3169212962962963 0.29282407407407407 0.13493055555555555
1 0.68390625 0.8280381944444445 0.2845254629629629 0.12549768518518506
1 0.2618489583333333 0.7857118055555555 0.5236979166666667 0.16500000000000004
1 0.6853993055555556 0.9499710648148149 0.07077546296296297 0.03957175925925895
0 0.4413020833333333 0.5697453703703703 0.8826041666666666 0.40824074074074074
1 0.37494791666666666 0.9382928240740741 0.20041666666666674 0.09988425925925917
1 0.36096064814814816 0.979866898148148 0.30687499999999995 0.04026620370370395
1 0.057256944444444444 0.8702893518518519 0.1033449074074074 0.03512731481481488