1 0.4541145833333333 0.8970312500000001 0.37278935185185186 0.20267361111111093
1 0.08246527777777778 0.5738599537037037 0.10622685185185185 0.15853009259259263
1 0.565769675925926 0.8555613425925926 0.3432291666666666 0.28366898148148145
1 0.63453125 0.7761111111111111 0.3490277777777777 0.3024537037037039
1 0.1911747685185185 0.4167361111111111 0.28016203703703707 0.24728009259259257
1 0.8887268518518517 0.46693287037037035 0.22254629629629646 0.23305555555555557
1 0.5779803240740741 0.19405671296296295 0.4778356481481481 0.3881134259259259
1 0.9795833333333335 0.391261574074074 0.040833333333333145 0.06608796296296297
0 0.5450462962962963 0.43990740740740736 0.8764351851851853 0.7686574074074073
1 0.7743923611111111 0.18184606481481483 0.19621527777777778 0.1748148148148148
1 0.8014409722222222 0.1370949074074074 0.25284722222222233 0.20803240740740742
1 0.5075462962962962 0.020162037037037037 0.09009259259259253 0.040324074074074075