1 0.0659201388888889 0.3436342592592593 0.1318402777777778 0.4346064814814815
1 0.18161458333333333 0.8930266203703704 0.06554398148148147 0.2023726851851851
1 0.20561342592592596 0.2891782407407407 0.15274305555555562 0.3758680555555555
1 0.32448495370370367 0.2683738425925926 0.15589120370370368 0.3791087962962963
1 0.40695601851851854 0.838599537037037 0.13962962962962955 0.29259259259259274
1 0.75953125 0.16166087962962963 0.12862268518518505 0.2828125
1 0.8320775462962964 0.5955729166666667 0.17437499999999986 0.5547453703703704
1 0.8754398148148148 0.11909722222222222 0.04113425925925931 0.07025462962962963
0 0.58125 0.5056712962962963 0.42241898148148155 0.9325810185185185
1 0.9442997685185185 0.4180266203703704 0.10303240740740734 0.20219907407407406
1 0.9802372685185186 0.4166956018518519 0.03505787037037038 0.30434027777777783
1 0.9621875 0.7446180555555555 0.03668981481481452 0.10289351851851851