1 0.9706655092592593 0.30194444444444446 0.05075231481481488 0.1584027777777778
1 0.9160185185185185 0.45973958333333337 0.15680555555555564 0.25524305555555565
1 0.8769618055555555 0.3029861111111111 0.12635416666666685 0.20236111111111113
1 0.7952662037037037 0.2839756944444444 0.1961226851851851 0.2741666666666666
1 0.541869212962963 0.7878819444444445 0.24149305555555553 0.3854861111111111
1 0.4455555555555556 0.17493923611111112 0.22848379629629623 0.34987847222222224
1 0.3289988425925926 0.2004166666666667 0.28575231481481483 0.4008333333333334
1 0.25546296296296295 0.04881944444444444 0.1265740740740741 0.09763888888888889
1 0.14388310185185185 0.248125 0.18075231481481482 0.29065972222222225
1 0.04546296296296296 0.5392534722222222 0.09092592592592592 0.2839930555555556
1 0.10549189814814815 0.5756423611111111 0.2109837962962963 0.33309027777777783
1 0.22369212962962962 0.6052777777777777 0.3077199074074074 0.4290277777777778
0 0.5043576388888888 0.47413194444444445 0.5844444444444445 0.8738541666666666