1 0.04701967592592593 0.883310185185185 0.09403935185185186 0.14583333333333356
1 0.21183449074074073 0.8906076388888888 0.26274305555555555 0.13971064814814796
1 0.11189814814814816 0.7461226851851851 0.2229166666666667 0.07355324074074084
1 0.14525462962962962 0.6574247685185185 0.28746527777777775 0.1353935185185186
1 0.7270717592592593 0.718275462962963 0.4212847222222223 0.12800925925925916
1 0.26210648148148147 0.2661921296296296 0.378275462962963 0.13986111111111113
1 0.33324652777777775 0.15898148148148147 0.4877546296296297 0.16958333333333336
1 0.22798032407407404 0.01466435185185185 0.2002893518518519 0.0293287037037037
1 0.5061400462962963 0.038802083333333334 0.3189699074074074 0.07760416666666667
1 0.8432118055555555 0.062442129629629625 0.31098379629629636 0.11076388888888888
1 0.814670138888889 0.1752662037037037 0.35658564814814825 0.14266203703703706
1 0.7628645833333334 0.3118518518518519 0.44797453703703705 0.20958333333333332
0 0.4825925925925926 0.4970949074074074 0.9383912037037035 0.3714004629629629