1 0.5225347222222222 0.9182118055555556 0.2656944444444445 0.14795138888888887
1 0.6909895833333334 0.8902256944444445 0.210798611111111 0.142048611111111
1 0.7145486111111111 0.8044618055555557 0.2858680555555555 0.21552083333333344
1 0.2053125 0.5373784722222222 0.3739583333333333 0.2658680555555556
1 0.8292708333333334 0.43644097222222217 0.3414583333333333 0.2516319444444445
1 0.8047743055555555 0.3150173611111111 0.3904513888888889 0.3151041666666667
1 0.9636111111111111 0.23727430555555556 0.07277777777777779 0.13774305555555558
1 0.7755729166666667 0.11883680555555556 0.3023611111111112 0.20027777777777778
1 0.47439236111111105 0.03543402777777778 0.29565972222222214 0.07086805555555556
1 0.43256944444444445 0.09711805555555555 0.34638888888888886 0.1942361111111111
1 0.39619791666666665 0.2046875 0.4488888888888889 0.3362152777777778
0 0.5250520833333333 0.4997743055555556 0.9137152777777778 0.6446875000000001