1 0.9023611111111112 0.38449074074074074 0.1850694444444443 0.24884259259259256
1 0.909392361111111 0.5606770833333334 0.1618402777777778 0.18709490740740725
1 0.8403645833333332 0.6058159722222223 0.2525347222222223 0.26383101851851853
1 0.4557291666666667 0.18107638888888888 0.33854166666666663 0.3403935185185185
1 0.5266840277777778 0.823292824074074 0.3101388888888888 0.3268518518518519
1 0.4114409722222222 0.8255208333333334 0.389201388888889 0.3489583333333332
1 0.3869097222222222 0.9817997685185185 0.16826388888888885 0.036400462962962975
1 0.20956597222222223 0.8436053240740741 0.24944444444444444 0.26527777777777783
1 0.05732638888888889 0.5960648148148149 0.11465277777777778 0.26087962962962974
1 0.11303819444444445 0.5293402777777778 0.2260763888888889 0.31180555555555556
1 0.19483506944444445 0.4598958333333334 0.3896701388888889 0.41105324074074084
0 0.5048263888888889 0.5050347222222222 0.7785416666666667 0.8203703703703704