1 0.21871527777777774 0.044097222222222225 0.1438194444444445 0.07708333333333334
1 0.4013020833333333 0.07355324074074074 0.2567708333333334 0.12650462962962963
1 0.2550173611111111 0.160474537037037 0.21760416666666665 0.08761574074074074
1 0.25180555555555556 0.2503472222222222 0.28125 0.1508101851851852
1 0.7965104166666667 0.3722511574074074 0.3828125 0.15457175925925926
1 0.2102951388888889 0.6385127314814815 0.36902777777777784 0.16030092592592596
1 0.23618055555555556 0.7575810185185186 0.4723611111111111 0.19855324074074082
1 0.08696180555555555 0.8791956018518519 0.1739236111111111 0.09160879629629619
1 0.34442708333333333 0.9306712962962962 0.31111111111111106 0.12071759259259238
1 0.6715277777777777 0.967476851851852 0.3038194444444445 0.06504629629629619
1 0.6874479166666667 0.889380787037037 0.34885416666666663 0.16267361111111106
1 0.6919965277777778 0.7518229166666666 0.4394097222222223 0.23466435185185192
0 0.5029340277777778 0.49832175925925926 0.9157291666666667 0.422337962962963