1 0.2419675925925926 0.018524305555555554 0.16518518518518518 0.03704861111111111
1 0.20696180555555554 0.14678240740740742 0.1924884259259259 0.2779050925925926
1 0.36722800925925925 0.08498842592592593 0.11883101851851849 0.16997685185185185
1 0.4530902777777778 0.12197337962962962 0.1905555555555555 0.24394675925925924
1 0.3117476851851852 0.6852025462962963 0.22427083333333328 0.4462268518518517
1 0.8345428240740741 0.23727430555555556 0.21625000000000014 0.3897337962962963
1 0.8996585648148148 0.3168171296296296 0.2006828703703704 0.496712962962963
1 0.9803703703703703 0.4950810185185185 0.03925925925925924 0.30949074074074084
1 0.9379803240740742 0.817841435185185 0.12403935185185162 0.27795138888888893
1 0.8516030092592592 0.7896469907407407 0.21531249999999993 0.3476273148148149
1 0.7223958333333333 0.7383564814814815 0.3018518518518517 0.46738425925925925
0 0.5701967592592594 0.463990162037037 0.5619907407407407 0.927980324074074