1 0.7671875 0.11469907407407406 0.271875 0.22939814814814813
1 0.8646412037037037 0.647511574074074 0.18981481481481488 0.237962962962963
1 0.5788194444444444 0.07737268518518518 0.16111111111111107 0.15474537037037037
1 0.4262731481481481 0.1074074074074074 0.2349537037037038 0.2148148148148148
1 0.2553240740740741 0.18402777777777776 0.27274305555555556 0.28628472222222223
1 0.048755787037037035 0.3066550925925926 0.09751157407407407 0.23356481481481478
1 0.014525462962962962 0.3368055555555555 0.029050925925925924 0.22013888888888894
1 0.03712384259259259 0.624074074074074 0.07424768518518518 0.2862268518518519
1 0.13596643518518517 0.8999710648148149 0.14913194444444447 0.19276620370370381
1 0.3456018518518519 0.8430555555555556 0.25902777777777775 0.29513888888888895
0 0.5384837962962963 0.585474537037037 0.6479166666666666 0.8104166666666668