1 0.7862326388888888 0.77078125 0.36364583333333333 0.22258101851851855
1 0.20223958333333333 0.831880787037037 0.21909722222222222 0.16103009259259266
1 0.8269618055555557 0.5907118055555556 0.21947916666666673 0.13456018518518514
1 0.814704861111111 0.4457291666666666 0.23517361111111085 0.20717592592592596
1 0.7581076388888889 0.2815567129629629 0.2554513888888888 0.24266203703703706
1 0.6926041666666667 0.06030381944444445 0.22246527777777772 0.1206076388888889
1 0.6753645833333334 0.02749421296296296 0.20864583333333328 0.05498842592592592
1 0.39710069444444446 0.0400636574074074 0.2901736111111111 0.0801273148148148
1 0.10788194444444446 0.1232060185185185 0.21576388888888892 0.13796296296296298
1 0.13094618055555557 0.33872685185185186 0.26189236111111114 0.22539351851851847
0 0.34968750000000004 0.5288888888888889 0.6993750000000001 0.5515972222222223