1 0.9314525462962961 0.6825231481481482 0.13709490740740762 0.3864583333333334
1 0.7001331018518518 0.1337962962962963 0.12650462962962958 0.20497685185185185
1 0.7900057870370369 0.7717766203703704 0.0984259259259261 0.21081018518518527
1 0.6520833333333333 0.8181655092592592 0.17032407407407407 0.21500000000000022
1 0.4748495370370371 0.8303819444444445 0.20636574074074082 0.22959490740740734
1 0.23603009259259258 0.8596527777777778 0.09221064814814817 0.2154050925925926
1 0.1697048611111111 0.8696064814814815 0.09368055555555559 0.20292824074074076
1 0.09564814814814815 0.8903819444444444 0.06695601851851851 0.1806597222222223
1 0.04833333333333333 0.6193981481481481 0.08960648148148148 0.2856712962962963
1 0.01935185185185185 0.2924421296296296 0.03643518518518519 0.2786342592592592
1 0.21200810185185187 0.2531134259259259 0.18002314814814815 0.25888888888888884
0 0.48618634259259264 0.3571643518518518 0.43172453703703706 0.7031944444444445