1 0.7861979166666666 0.2027951388888889 0.2307291666666668 0.33478009259259256
1 0.8139756944444445 0.7842534722222222 0.1674768518518519 0.22701388888888907
1 0.6043113425925926 0.14718171296296298 0.13940972222222214 0.22711805555555556
1 0.453443287037037 0.16284143518518518 0.21348379629629638 0.24811342592592595
1 0.28122106481481485 0.2267071759259259 0.24855324074074076 0.26864583333333336
1 0.05596064814814815 0.2999537037037037 0.1119212962962963 0.23115740740740742
1 0.021035879629629627 0.3208275462962963 0.04207175925925925 0.21353009259259262
1 0.025868055555555554 0.6017824074074074 0.05173611111111111 0.2848148148148148
1 0.09265046296296295 0.896394675925926 0.115625 0.20721064814814802
1 0.29933449074074076 0.8674305555555556 0.23211805555555554 0.26513888888888887
0 0.5094328703703704 0.6380150462962962 0.5710648148148149 0.7239699074074075