1 0.44137442129629634 0.5467708333333332 0.8827488425925927 0.5136458333333334
1 0.6906365740740741 0.6959375 0.4475000000000001 0.2820833333333333
1 0.20924768518518516 0.8026041666666666 0.304525462962963 0.2273958333333333
1 0.514548611111111 0.84203125 0.8135648148148148 0.3159375000000001
1 0.8777604166666666 0.9122395833333332 0.1626504629629629 0.13385416666666644
1 0.6632060185185186 0.2119791666666667 0.25239583333333326 0.21302083333333338
1 0.7801157407407407 0.07395833333333332 0.17726851851851855 0.05541666666666667
1 0.36974537037037036 0.14145833333333332 0.15116898148148153 0.09260416666666668
1 0.1995023148148148 0.3058333333333333 0.3990046296296296 0.21166666666666661
1 0.07682291666666666 0.22098958333333335 0.15364583333333331 0.16072916666666667
1 0.15990162037037037 0.37026041666666665 0.31980324074074074 0.1463541666666667