1 0.8161111111111111 0.8244618055555556 0.2357175925925926 0.35107638888888887
1 0.8468287037037037 0.8588888888888888 0.23990740740740754 0.28222222222222226
1 0.8473842592592593 0.43520254629629634 0.2271412037037038 0.5132407407407407
1 0.7113368055555556 0.8095023148148147 0.24526620370370367 0.3809953703703705
0 0.42773148148148155 0.4993576388888889 0.467962962962963 0.9757523148148147
1 0.6006307870370371 0.33155671296296296 0.27896990740740757 0.5522337962962963
1 0.06550347222222222 0.6200173611111112 0.12496527777777777 0.4244097222222223
1 0.14706597222222223 0.6670196759259259 0.2876967592592593 0.4652893518518518
1 0.2391319444444444 0.2343865740740741 0.30706018518518513 0.33836805555555555
1 0.33096064814814813 0.08598958333333333 0.2900462962962963 0.14994212962962963
1 0.09153356481481481 0.23344907407407406 0.08064814814814816 0.13440972222222225
1 0.18298032407407408 0.03348958333333333 0.06908564814814815 0.049386574074074076
1 0.35463541666666665 0.33025462962962965 0.09187500000000001 0.17412037037037037
0 0.8123148148148148 0.5989409722222222 0.3753703703703703 0.8021180555555556