1 0.8896875 0.2859375 0.05124999999999993 0.5078703703703704
1 0.9477199074074075 0.9247974537037038 0.03689814814814838 0.15040509259259238
1 0.9849594907407407 0.9263310185185185 0.030081018518518476 0.14733796296296298
1 0.985150462962963 0.519994212962963 0.029699074074073906 0.3372106481481481
1 0.9330092592592593 0.2586516203703704 0.08476851851851848 0.45133101851851853
1 0.7738599537037036 0.7324797453703704 0.05194444444444439 0.5350405092592592
1 0.7879976851851852 0.27358217592592593 0.06974537037037046 0.4913773148148148
0 0.42777777777777776 0.5105613425925926 0.13657407407407404 0.9788773148148149
1 0.5277430555555556 0.7212528935185185 0.09758101851851855 0.557494212962963
1 0.020115740740740743 0.514525462962963 0.02726851851851852 0.15405092592592595
1 0.08429398148148148 0.20847800925925924 0.1430324074074074 0.37853009259259257
1 0.22582754629629628 0.22230902777777778 0.16991898148148152 0.4013888888888889
1 0.18439814814814814 0.6408564814814814 0.22394675925925928 0.25347222222222215
1 0.20134837962962965 0.8834201388888889 0.23005787037037032 0.23315972222222214
1 0.05625578703703703 0.5822337962962963 0.04082175925925926 0.12019675925925917
1 0.06289930555555555 0.819849537037037 0.04208333333333334 0.09994212962962976
1 0.3134722222222222 0.6042534722222223 0.0367592592592592 0.1622106481481481
0 0.8557523148148147 0.514699074074074 0.12400462962962955 0.9706018518518519