0 0.7576562499999999 0.5988425925925925 0.32712962962962955 0.4689236111111111
1 0.5217418981481481 0.21976273148148148 0.29089120370370375 0.4098958333333334
0 0.6833333333333333 0.41287615740740746 0.5770833333333334 0.7931134259259259
1 0.7664872685185184 0.476244212962963 0.41312499999999996 0.6046296296296296
1 0.8572627314814815 0.5563368055555555 0.24769675925925938 0.417650462962963
1 0.6892708333333333 0.18055555555555555 0.31833333333333336 0.32048611111111114
1 0.8779513888888889 0.5375289351851852 0.20780092592592575 0.40214120370370365
1 0.8673958333333334 0.2928530092592593 0.19219907407407427 0.24409722222222233
1 0.8905555555555555 0.5098090277777778 0.1862962962962964 0.4075810185185185
1 0.04012731481481482 0.7616319444444445 0.08025462962962963 0.11545138888888892
1 0.015225694444444446 0.6191550925925926 0.030451388888888892 0.10393518518518512
1 0.06888310185185184 0.5506944444444445 0.13776620370370368 0.21388888888888893
1 0.10965277777777778 0.5278645833333333 0.0984027777777778 0.1346064814814815
1 0.03344328703703704 0.38278356481481485 0.06688657407407408 0.22806712962962966
1 0.13998842592592592 0.5180266203703704 0.09950231481481482 0.1268518518518519
1 0.19552083333333334 0.895630787037037 0.2220601851851852 0.20873842592592595
1 0.305775462962963 0.8823206018518519 0.2769444444444445 0.2353587962962962
1 0.37864004629629633 0.827025462962963 0.3195486111111111 0.34594907407407405
0 0.35347800925925926 0.5672019675925926 0.654050925925926 0.8655960648148149