0 0.21213541666666663 0.3921354166666667 0.2540740740740741 0.48776620370370366
1 0.4172048611111111 0.7866666666666667 0.22341435185185182 0.4219212962962963
0 0.26788194444444446 0.5838888888888889 0.4466435185185185 0.8313425925925927
1 0.19313078703703704 0.5149189814814814 0.315625 0.6350810185185185
1 0.10002314814814814 0.4226851851851852 0.20004629629629628 0.4327546296296296
1 0.2401099537037037 0.8239120370370371 0.25984953703703706 0.35032407407407395
1 0.2495138888888889 0.9800752314814816 0.11615740740740739 0.036793981481481455
1 0.07953703703703704 0.4392418981481482 0.1590740740740741 0.4183912037037036
1 0.07900173611111111 0.6899652777777778 0.15800347222222222 0.24802083333333336
1 0.06690972222222222 0.4627719907407407 0.13381944444444444 0.43070601851851864
1 0.9417534722222222 0.28596064814814814 0.06736111111111143 0.11767361111111115
1 0.9685069444444444 0.4310590277777778 0.0515509259259261 0.10505787037037032
1 0.9144212962962964 0.4962962962962963 0.15930555555555587 0.20740740740740743
1 0.8516782407407408 0.5131655092592593 0.08016203703703724 0.13807870370370362
1 0.9422743055555556 0.6726331018518519 0.09859953703703717 0.22258101851851855
1 0.8211053240740741 0.5204224537037037 0.0847337962962964 0.13030092592592588
1 0.798148148148148 0.12238425925925926 0.19120370370370382 0.24476851851851852
1 0.6894386574074074 0.13068287037037035 0.23674768518518513 0.2613657407407407
1 0.6089641203703703 0.1841550925925926 0.26644675925925937 0.3683101851851852
0 0.6128414351851852 0.4502170138888889 0.5258796296296296 0.9004340277777778