0 0.20288194444444443 0.4500694444444445 0.40576388888888887 0.306111111111111
1 0.5911458333333333 0.21382523148148147 0.45496527777777784 0.3003935185185185
0 0.3959375 0.2878819444444444 0.791875 0.5711111111111111
1 0.2703472222222222 0.3319097222222222 0.5406944444444444 0.40493055555555557
1 0.14065972222222223 0.34553819444444445 0.28131944444444446 0.2839236111111111
1 0.47972222222222227 0.10207754629629631 0.4749305555555555 0.20415509259259262
1 0.12611111111111112 0.31372685185185184 0.25222222222222224 0.2725462962962963
1 0.2200173611111111 0.11545138888888891 0.26364583333333336 0.19603009259259258
1 0.12416666666666668 0.2778240740740741 0.24833333333333335 0.2724768518518518
1 0.8630034722222224 0.7728935185185184 0.22305555555555542 0.19699074074074083
1 0.8102430555555555 0.7221296296296297 0.14600694444444465 0.10369212962962955
1 0.9516145833333333 0.6513078703703703 0.07204861111111108 0.21974537037037045
1 0.7873784722222222 0.6966956018518519 0.1381944444444443 0.1035763888888889
1 0.4946527777777778 0.971255787037037 0.27125000000000005 0.04619212962962962
1 0.4111111111111111 0.9350057870370371 0.3447916666666668 0.12225694444444457
1 0.3837152777777778 0.8674652777777776 0.41187500000000005 0.25914351851851836
0 0.5490104166666667 0.6338425925925926 0.8876736111111111 0.6535648148148148