0 0.3164930555555555 0.2767939814814815 0.11701388888888893 0.5221064814814815
1 0.25905671296296295 0.7230034722222223 0.10062499999999996 0.4696180555555555
0 0.2438715277777778 0.4812673611111111 0.19966435185185186 0.9375810185185186
1 0.2338888888888889 0.3633854166666667 0.1319212962962963 0.6853472222222223
1 0.19206018518518517 0.23110532407407405 0.11900462962962965 0.4457291666666666
1 0.07056423611111111 0.6797685185185186 0.14112847222222222 0.4767129629629629
1 0.00782986111111111 0.826568287037037 0.01565972222222222 0.1812615740740739
1 0.15622685185185187 0.22194444444444444 0.1094212962962963 0.4311111111111111
1 0.04577835648148148 0.434212962962963 0.09155671296296296 0.25546296296296306
1 0.12251736111111111 0.22776620370370373 0.10184027777777778 0.4462731481481481
1 0.9703182870370369 0.6376967592592593 0.044039351851851906 0.12750000000000003
1 0.917366898148148 0.9109953703703703 0.06748842592592581 0.17800925925925953
1 0.9150983796296295 0.7759548611111111 0.043761574074073904 0.10875000000000004
1 0.8795196759259258 0.9472714120370369 0.04723379629629605 0.1054571759259261
1 0.8366030092592591 0.7963252314814815 0.14340277777777785 0.19583333333333322
1 0.7667187500000001 0.7632523148148148 0.042731481481481384 0.14459490740740738
1 0.7950289351851852 0.9371527777777778 0.16656249999999986 0.12569444444444428
1 0.7379745370370371 0.7506018518518518 0.05033564814814824 0.1309953703703705
1 0.9725810185185185 0.22105902777777775 0.051458333333333425 0.10140046296296301
1 0.9416898148148147 0.4061111111111111 0.11027777777777778 0.27817129629629633
1 0.8724884259259259 0.3269444444444445 0.15506944444444457 0.35107638888888887
1 0.7660069444444445 0.3362731481481481 0.16550925925925936 0.4235069444444445
0 0.6101331018518519 0.5447974537037037 0.28261574074074075 0.9104050925925925