0 0.41128472222222223 0.2622685185185185 0.26319444444444445 0.4955324074074074
1 0.2622395833333333 0.6802835648148149 0.2278356481481481 0.4671875
0 0.2959201388888889 0.4527835648148148 0.4574652777777778 0.8985995370370372
1 0.3070601851851852 0.3325 0.3234953703703704 0.6499305555555555
1 0.2928530092592593 0.20154513888888886 0.24508101851851852 0.38542824074074067
1 0.10925925925925925 0.592037037037037 0.19259259259259257 0.484074074074074
1 0.2572337962962963 0.18722222222222223 0.23009259259259257 0.3596990740740741
1 0.09039351851851853 0.3353009259259259 0.16603009259259258 0.27216435185185184
1 0.21982060185185187 0.18762152777777777 0.22714120370370372 0.36422453703703705
1 0.8553819444444445 0.8963020833333333 0.19236111111111107 0.20739583333333336
1 0.7880208333333334 0.8549189814814815 0.08356481481481488 0.15092592592592596
1 0.7708622685185185 0.98046875 0.207349537037037 0.0390625
1 0.759982638888889 0.8347511574074075 0.08628472222222214 0.14015046296296277
1 0.9772858796296298 0.5253530092592593 0.04542824074074048 0.2842476851851853
1 0.9317997685185185 0.43015625 0.136400462962963 0.3746412037037038
1 0.8672743055555555 0.4157349537037037 0.2654513888888889 0.4511921296296297
0 0.6640335648148148 0.5577835648148148 0.5397569444444444 0.8844328703703704