0 0.46326967592592594 0.20722222222222225 0.34528935185185183 0.4144444444444445
1 0.2050289351851852 0.570462962962963 0.30593750000000003 0.38417824074074075
0 0.30427662037037034 0.36640625 0.6085532407407407 0.7328125
1 0.3488020833333333 0.25919560185185186 0.4382291666666666 0.5183912037037037
1 0.37765624999999997 0.14602430555555554 0.31468749999999995 0.2920486111111111
1 0.11273726851851854 0.4522858796296296 0.22174768518518517 0.40792824074074086
1 0.3486400462962963 0.1313425925925926 0.30040509259259257 0.2626851851851852
1 0.1438599537037037 0.22367476851851853 0.19541666666666666 0.22787037037037033
1 0.31657986111111114 0.12767939814814816 0.30190972222222223 0.2553587962962963
1 0.8879976851851852 0.7924016203703703 0.09299768518518511 0.11074074074074076
1 0.6900405092592592 0.9656655092592592 0.1784837962962964 0.05107638888888886
1 0.7746643518518519 0.8925289351851852 0.08509259259259264 0.09812499999999993
1 0.6940740740740741 0.8773148148148149 0.19840277777777776 0.20916666666666686
1 0.6467650462962963 0.8194155092592592 0.10246527777777778 0.12337962962962976
1 0.5711631944444445 0.9502372685185186 0.2193634259259259 0.08605324074074047
1 0.6254918981481481 0.7955092592592592 0.10086805555555571 0.1186689814814816
1 0.9321875000000001 0.5784027777777778 0.13562499999999994 0.25831018518518506
1 0.9012152777777779 0.4757291666666667 0.1975694444444443 0.32483796296296286
1 0.8400405092592592 0.4399131944444445 0.3199189814814815 0.3813310185185184
0 0.5965335648148148 0.5779456018518518 0.6762962962962963 0.8177430555555556