1 0.4929108796296296 0.09259259259259259 0.35769675925925914 0.16657407407407407
1 0.9021180555555557 0.35855902777777776 0.1957638888888887 0.21089120370370368
1 0.43428819444444444 0.12984953703703705 0.31701388888888893 0.24335648148148148
1 0.7959722222222222 0.37686921296296294 0.3057986111111113 0.23834490740740738
0 0.5128587962962963 0.4780960648148148 0.9742824074074073 0.8252083333333333
1 0.5978587962962962 0.7975925925925926 0.4263310185185185 0.32458333333333333
1 0.38045717592592593 0.7217418981481482 0.7077662037037037 0.5466087962962962
1 0.10629050925925924 0.6223726851851852 0.15128472222222222 0.21037037037037046
1 0.07347222222222222 0.7134259259259259 0.07027777777777777 0.13310185185185192
1 0.2549710648148148 0.8677604166666667 0.26782407407407405 0.2029050925925926
1 0.5399479166666666 0.982667824074074 0.2479976851851852 0.034664351851851904