1 0.470792824074074 0.9429976851851851 0.35829861111111116 0.11400462962962976
1 0.8945138888888888 0.7879224537037037 0.21097222222222242 0.1615393518518518
1 0.4268923611111111 0.8931250000000001 0.31005787037037036 0.19027777777777785
1 0.7884375 0.7399189814814815 0.29590277777777774 0.1867361111111112
0 0.533275462962963 0.584375 0.9334490740740741 0.6808564814814815
1 0.635630787037037 0.298275462962963 0.4180671296296296 0.25280092592592596
1 0.39884837962962966 0.3154571759259259 0.7692476851851852 0.40839120370370374
1 0.12024884259259258 0.3438888888888889 0.2252199074074074 0.17215277777777782
1 0.09178240740740741 0.2525 0.15930555555555556 0.10775462962962967
1 0.3199768518518519 0.15622685185185187 0.26381944444444444 0.1576851851851852
1 0.6083506944444445 0.0625173611111111 0.25107638888888884 0.09642361111111111