1 0.86640625 0.8156828703703705 0.2671875 0.24270833333333322
1 0.440625 0.9781828703703702 0.284375 0.043634259259259525
1 0.8515625 0.7198206018518519 0.296875 0.22505787037037023
1 0.49140625 0.9000723379629629 0.3 0.19985532407407405
0 0.51484375 0.6114872685185185 0.9703125 0.7770254629629629
1 0.2109375 0.5046875 0.421875 0.3
1 0.384375 0.3267361111111111 0.76875 0.49722222222222223
1 0.6 0.11440972222222223 0.259375 0.19398148148148148
1 0.53046875 0.060271990740740744 0.1640625 0.08732638888888888
1 0.29765625 0.16180555555555554 0.265625 0.18796296296296297
1 0.065625 0.31571180555555556 0.13125 0.17517361111111107