1 0.12489583333333334 0.3914930555555555 0.22164351851851852 0.31701388888888893
1 0.42351273148148144 0.06381944444444444 0.2407754629629629 0.12763888888888889
1 0.16127893518518518 0.46421875 0.28210648148148143 0.2840277777777779
1 0.42690972222222223 0.15479166666666666 0.2704282407407407 0.2712847222222222
0 0.507824074074074 0.44751736111111107 0.9202430555555555 0.8950347222222221
1 0.8191290509259259 0.4306770833333333 0.36174189814814817 0.37815972222222227
1 0.7039814814814814 0.6564583333333334 0.5920370370370371 0.6667361111111113
1 0.6128530092592592 0.9032118055555556 0.23656249999999995 0.17378472222222213
1 0.7005092592592593 0.9435069444444444 0.14875000000000008 0.0875694444444445
1 0.8715335648148148 0.7801215277777778 0.2340162037037036 0.23614583333333333
1 0.9842418981481481 0.5338888888888889 0.03151620370370374 0.22472222222222235