1 0.9056423611111111 0.49116319444444445 0.17454861111111128 0.33248842592592603
1 0.6697395833333333 0.10107060185185186 0.19177083333333336 0.1935763888888889
1 0.85515625 0.5478298611111111 0.22520833333333315 0.29224537037037024
1 0.6446006944444445 0.2126215277777778 0.21864583333333343 0.2781365740740741
0 0.5302604166666667 0.47041087962962963 0.763923611111111 0.9133217592592594
1 0.23145833333333332 0.4142824074074074 0.2977083333333333 0.3912037037037036
1 0.28729166666666667 0.6444212962962963 0.503125 0.7067361111111111
1 0.36355902777777777 0.9026273148148147 0.19656250000000003 0.19474537037037046
1 0.2752777777777778 0.9375925925925926 0.12312500000000001 0.12481481481481467
1 0.1421701388888889 0.7402372685185185 0.18666666666666668 0.24509259259259258
1 0.03354166666666667 0.4729340277777778 0.06708333333333334 0.23336805555555565