1 0.08012152777777778 0.4424479166666666 0.14836805555555557 0.3505208333333332
1 0.2734722222222222 0.8817881944444445 0.15687499999999996 0.23642361111111115
1 0.14640625 0.40281828703703704 0.18638888888888888 0.304224537037037
1 0.3153298611111111 0.7645775462962963 0.18135416666666665 0.28853009259259255
0 0.4569618055555556 0.5308159722222222 0.6610763888888889 0.9298032407407406
1 0.7443229166666667 0.6342592592592593 0.24336805555555543 0.40815972222222213
1 0.7148958333333333 0.39952546296296293 0.3962847222222223 0.7525000000000001
1 0.6704340277777778 0.12083333333333332 0.16899305555555558 0.2243055555555556
1 0.7613541666666667 0.1003125 0.10656250000000007 0.1562152777777778
1 0.8671875 0.32914930555555555 0.15409722222222227 0.25688657407407406
1 0.963142361111111 0.6165335648148147 0.073715277777778 0.24656249999999993