0 0.5738425925925925 0.5040972222222222 0.8523148148148149 0.9918055555555556
1 0.8658564814814815 0.5604340277777778 0.24953703703703703 0.5461458333333333
1 0.7105613425925925 0.08401041666666667 0.2351273148148149 0.11496527777777779
1 0.11809895833333332 0.7048784722222222 0.23619791666666665 0.4534374999999999
1 0.1572193287037037 0.7052951388888888 0.3144386574074074 0.5859027777777778
1 0.21345486111111112 0.9484895833333333 0.1447337962962963 0.10302083333333342
1 0.060821759259259256 0.7030729166666667 0.0730324074074074 0.1186805555555555
1 0.3905092592592593 0.9820833333333333 0.07696759259259256 0.035833333333333425
1 0.238599537037037 0.7203645833333333 0.08431712962962959 0.12854166666666664
1 0.2724826388888889 0.5661458333333333 0.059085648148148186 0.07906249999999986
1 0.395630787037037 0.8208680555555556 0.2528356481481481 0.3582638888888887
1 0.5169560185185185 0.9455902777777778 0.09861111111111107 0.10881944444444436
1 0.4920138888888889 0.8153124999999999 0.24247685185185192 0.3693750000000001
0 0.8625 0.291875 0.27037037037037026 0.39263888888888887