0 0.4403935185185185 0.4947222222222222 0.524537037037037 0.9894444444444443
1 0.17329282407407406 0.30291666666666667 0.11197916666666666 0.5819328703703703
1 0.06626157407407407 0.18241898148148147 0.12997685185185187 0.31016203703703704
1 0.15396412037037038 0.8803240740740741 0.20052083333333331 0.23638888888888906
1 0.9589409722222222 0.4064351851851852 0.08211805555555571 0.4699768518518518
1 0.9204282407407408 0.39252893518518517 0.10219907407407405 0.6125347222222223
1 0.9619791666666668 0.10466724537037038 0.05034722222222214 0.20933449074074076
1 0.993287037037037 0.41988425925925926 0.013425925925925952 0.12170138888888893
1 0.8343460648148149 0.017471064814814814 0.05306712962962976 0.03494212962962963
1 0.7985532407407407 0.04318865740740741 0.029918981481481487 0.08637731481481482
1 0.8398726851851851 0.3526736111111111 0.0390625 0.12859953703703705
1 0.761082175925926 0.48731481481481487 0.03240740740740744 0.07519675925925924
1 0.7387152777777778 0.20200810185185186 0.08368055555555554 0.4040162037037037
1 0.660792824074074 0.05994791666666667 0.04166666666666678 0.11989583333333334
1 0.6398726851851853 0.19088541666666667 0.08396990740740744 0.38177083333333334
0 0.10506365740740742 0.5747337962962963 0.18107638888888888 0.3849074074074075