0 0.5109375 0.58359375 0.9578125 0.3984375
1 0.30234375 0.81875 0.5484375 0.046875
1 0.1765625 0.90859375 0.2828125 0.0953125
1 0.87109375 0.89765625 0.25 0.1671875
1 0.496875 0.0828125 0.4421875 0.0390625
1 0.47890625 0.12109375 0.578125 0.0359375
1 0.84375 0.04921875 0.134375 0.025
1 0.18515625 0.05078125 0.2484375 0.0203125
1 0.5140625 0.04921875 0.1125 0.0140625
1 0.0875 0.1625 0.08125 0.0421875
1 0.1109375 0.19921875 0.1265625 0.0140625
1 0.43125 0.19375 0.11875 0.0234375
1 0.5484375 0.28203125 0.06875 0.0234375
1 0.2546875 0.271875 0.421875 0.034375
1 0.1140625 0.33125 0.146875 0.0234375
1 0.23828125 0.36484375 0.390625 0.0390625
0 0.5515625 0.921875 0.3484375 0.15625