0 0.6194270833333333 0.45478587962962963 0.5017708333333333 0.9033217592592593
0 0.4193923611111111 0.7440567129629629 0.1991782407407408 0.4356597222222224
1 0.3736979166666667 0.776545138888889 0.18997685185185187 0.41216435185185174
1 0.25096064814814817 0.5395949074074073 0.2058680555555555 0.3904166666666667
1 0.2353472222222222 0.722494212962963 0.2548379629629629 0.555011574074074
1 0.16763310185185185 0.8761284722222221 0.2662847222222222 0.2477430555555557
1 0.10434317129629629 0.650144675925926 0.20868634259259258 0.248576388888889
1 0.0847164351851852 0.34596643518518516 0.1694328703703704 0.45130787037037035
1 0.8376620370370371 0.5838020833333333 0.2859722222222224 0.5034606481481483
1 0.7367766203703704 0.18913194444444445 0.29207175925925916 0.36918981481481483
1 0.8764351851851853 0.2988078703703704 0.24712962962962948 0.585949074074074
1 0.37124999999999997 0.38260416666666663 0.2934027777777778 0.6815625