0 0.4797164351851852 0.41857638888888893 0.9594328703703704 0.33402777777777787
0 0.23683449074074076 0.7199131944444443 0.4413773148148149 0.11440972222222215
1 0.22549189814814813 0.7728298611111112 0.41938657407407415 0.11079861111111118
1 0.4937210648148148 0.7928645833333333 0.3921296296296296 0.13361111111111104
1 0.32002314814814814 0.8804861111111112 0.5907986111111112 0.14427083333333357
1 0.17962962962962964 0.9514930555555555 0.3052083333333333 0.097013888888889
1 0.45523726851851853 0.9386111111111111 0.22204861111111107 0.12277777777777779
1 0.762355324074074 0.9018750000000001 0.41672453703703705 0.19624999999999987
1 0.22607060185185185 0.26993055555555556 0.4521412037037037 0.23361111111111113
1 0.6393518518518518 0.21749999999999997 0.40949074074074066 0.2229861111111111
1 0.12798032407407406 0.08723958333333334 0.2559606481481481 0.07447916666666668
1 0.8162037037037038 0.02361111111111111 0.13634259259259238 0.013958333333333328
1 0.454224537037037 0.10704861111111112 0.6196759259259259 0.2073611111111111
1 0.6102141203703704 0.62421875 0.7401041666666666 0.17100694444444448