0 0.5304861111111111 0.3702199074074074 0.9353240740740739 0.607013888888889
0 0.19375578703703705 0.48689236111111106 0.3875115740740741 0.23628472222222213
1 0.16803819444444446 0.5277835648148148 0.3360763888888889 0.2211921296296296
1 0.34936921296296297 0.6996296296296296 0.38791666666666663 0.24476851851851844
1 0.2187384259259259 0.6789351851851853 0.4374768518518518 0.3016203703703704
1 0.06655092592592593 0.7077951388888889 0.13310185185185186 0.27496527777777774
1 0.21385995370370373 0.836574074074074 0.2666898148148148 0.2603240740740741
1 0.5336516203703704 0.9023090277777778 0.5265625 0.1953819444444445
1 0.4050752314814815 0.1399363425925926 0.49922453703703695 0.26302083333333337
1 0.7899710648148148 0.30073495370370373 0.4138541666666667 0.3303587962962963
1 0.6980208333333333 0.1559085648148148 0.5945833333333332 0.269525462962963
1 0.5501215277777778 0.6317939814814816 0.7215393518518518 0.39467592592592593