0 0.6952546296296296 0.5088310185185185 0.27106481481481487 0.9823379629629629
0 0.4295138888888889 0.23358217592592595 0.0853587962962962 0.4494560185185185
1 0.37725694444444446 0.214068287037037 0.08263888888888893 0.4181828703703704
1 0.31114004629629627 0.47388310185185184 0.1067708333333334 0.39511574074074074
1 0.25214120370370374 0.29342013888888885 0.10428240740740743 0.5809143518518518
1 0.14320023148148148 0.13486111111111113 0.20202546296296298 0.2684722222222222
1 0.12650462962962963 0.4008738425925927 0.1986689814814815 0.22001157407407418
1 0.12511574074074075 0.7428530092592592 0.21284722222222224 0.4763310185185185
1 0.8901041666666666 0.2942824074074074 0.2072916666666668 0.49498842592592596
1 0.8699074074074075 0.7398321759259259 0.20081018518518512 0.4043171296296297
1 0.9640625 0.577494212962963 0.071875 0.6215162037037038
1 0.4620081018518519 0.6240104166666667 0.11857638888888893 0.7519791666666666