0 0.49921875 0.37265625 0.8875 0.1484375
0 0.26171875 0.61875 0.4 0.0328125
1 0.2453125 0.665625 0.3796875 0.034375
1 0.4859375 0.7171875 0.35 0.059375
1 0.31953125 0.77578125 0.5375 0.0359375
1 0.1796875 0.87734375 0.259375 0.1546875
1 0.434375 0.88359375 0.1828125 0.1578125
1 0.75390625 0.88671875 0.434375 0.16875
1 0.28125 0.20625 0.43125 0.1390625
1 0.68125 0.21171875 0.35 0.1421875
1 0.2203125 0.02890625 0.25625 0.021875
1 0.865625 0.0421875 0.1234375 0.0234375
1 0.52734375 0.0875 0.5515625 0.09375
1 0.6171875 0.57890625 0.6859375 0.034375